+--------------------------------------------------------------------------------------------------------------------------------------------------------------------------------------------+
|                                                                                            long                                                                                            |
+--------------+---------------+-------------+--------------+---------------+--------------+-------------+----------------+------------------------+--------------+---------+----------------+
| symbol       | adg_w_per_exp | adg_per_exp | exp_rts_mean | hrs_stuck_max | pa_dist_mean | pa_dist_std | loss_profit_rt | eqbal_rt_10_worst_mean | eqbal_rt_std | n_days  | score          |
+--------------+---------------+-------------+--------------+---------------+--------------+-------------+----------------+------------------------+--------------+---------+----------------+
| MATICUSDT    | 0.00158       | 0.004144    | 0.06742      | 91.12         | 0.01237      | 0.01725     | 0.04137        | 0.8095                 | 0.01161      | 967.67  | -240179.25158  |
| YFIUSDT      | 0.001555      | 0.003993    | 0.03569      | 94.52         | 0.009855     | 0.01051     | 0.04392        | 0.8452                 | 0.006246     | 1018.67 | -240179.251555 |
| SOLUSDT      | 0.002603      | 0.003778    | 0.06983      | 83.25         | 0.01214      | 0.01711     | 0.09083        | 0.8476                 | 0.01171      | 1005.67 | -240179.252603 |
| DOGEUSDT     | 0.001787      | 0.00366     | 0.07491      | 83.82         | 0.007621     | 0.01509     | 0.0651         | 0.7779                 | 0.01049      | 1066.58 | -240179.251787 |
| HOTUSDT      | 0.001598      | 0.003548    | 0.07453      | 63.53         | 0.009222     | 0.01514     | 0.05151        | 0.8326                 | 0.01107      | 808.67  | -240179.251598 |
| HBARUSDT     | 0.002048      | 0.003511    | 0.07179      | 59.5          | 0.007136     | 0.01678     | 0.07379        | 0.7775                 | 0.01075      | 821.67  | -240179.252048 |
| AXSUSDT      | 0.001409      | 0.003504    | 0.07126      | 82.07         | 0.01214      | 0.01465     | 0.01537        | 0.8044                 | 0.01074      | 933.67  | -240179.251409 |
| XRPUSDT      | 0.001748      | 0.003306    | 0.0739       | 87.47         | 0.008454     | 0.01858     | 0.06447        | 0.6591                 | 0.01391      | 1257.62 | -240179.251748 |
| EDUUSDT      | 0.003658      | 0.003276    | 0.04163      | 27.92         | 0.008742     | 0.00677     | 0.0            | 0.971                  | 0.003005     | 47.46   | -240179.253658 |
| ALPHAUSDT    | 0.00179       | 0.003171    | 0.05502      | 92.67         | 0.01297      | 0.01791     | 0.02404        | 0.7442                 | 0.01057      | 930.67  | -240179.25179  |
| CHZUSDT      | 0.002219      | 0.003167    | 0.06193      | 82.97         | 0.0109       | 0.01816     | 0.07287        | 0.6748                 | 0.01221      | 871.67  | -240179.252219 |
| SXPUSDT      | 0.001023      | 0.003008    | 0.06442      | 92.95         | 0.01784      | 0.01886     | 0.08526        | 0.732                  | 0.01391      | 1057.58 | -240179.251023 |
| 1000LUNCUSDT | 0.002338      | 0.002981    | 0.01514      | 63.12         | 0.004943     | 0.005244    | 0.0008133      | 0.944                  | 0.002619     | 275.42  | -240179.252338 |
| RVNUSDT      | 0.001479      | 0.002744    | 0.07365      | 84.88         | 0.0108       | 0.01327     | 0.03509        | 0.812                  | 0.00776      | 843.67  | -240179.251479 |
| FETUSDT      | 0.00211       | 0.002683    | 0.04333      | 36.5          | 0.00997      | 0.008036    | 0.008585       | 0.9522                 | 0.004177     | 150.88  | -240179.25211  |
| ANKRUSDT     | 0.001752      | 0.002645    | 0.06982      | 75.97         | 0.0108       | 0.01561     | 0.05518        | 0.8433                 | 0.01136      | 866.67  | -240179.251752 |
| DENTUSDT     | 0.001139      | 0.002643    | 0.06559      | 59.38         | 0.009251     | 0.01828     | 0.05365        | 0.7389                 | 0.0112       | 809.79  | -240179.251139 |
| LRCUSDT      | 0.001255      | 0.002623    | 0.06904      | 83.88         | 0.009643     | 0.01234     | 0.07249        | 0.8316                 | 0.008534     | 970.67  | -240179.251255 |
| NKNUSDT      | 0.001599      | 0.002623    | 0.06878      | 92.15         | 0.01128      | 0.01935     | 0.0297         | 0.7038                 | 0.01193      | 798.67  | -240179.251599 |
| AVAXUSDT     | 0.001358      | 0.002603    | 0.03738      | 72.68         | 0.007657     | 0.01301     | 0.0142         | 0.8595                 | 0.008211     | 991.67  | -240179.251358 |
| GRTUSDT      | 0.001669      | 0.0026      | 0.07474      | 86.05         | 0.01315      | 0.01736     | 0.04685        | 0.7417                 | 0.01254      | 909.67  | -240179.251669 |
| COTIUSDT     | 0.001408      | 0.002596    | 0.07416      | 81.87         | 0.01228      | 0.01699     | 0.06424        | 0.7576                 | 0.01154      | 823.67  | -240179.251408 |
| RNDRUSDT     | 0.003062      | 0.002576    | 0.07098      | 50.9          | 0.01324      | 0.01592     | 0.0378         | 0.8847                 | 0.01221      | 133.88  | -240179.253062 |
| RUNEUSDT     | 0.000831      | 0.002553    | 0.06936      | 82.73         | 0.01219      | 0.01852     | 0.05737        | 0.7827                 | 0.01158      | 1015.67 | -240179.250831 |
| AAVEUSDT     | 0.001114      | 0.002528    | 0.04728      | 82.18         | 0.01014      | 0.01383     | 0.08047        | 0.7955                 | 0.00953      | 968.67  | -240179.251114 |
| THETAUSDT    | 0.001107      | 0.002498    | 0.0724       | 66.7          | 0.01089      | 0.01277     | 0.06013        | 0.7627                 | 0.0103       | 1113.62 | -240179.251107 |
| LINKUSDT     | 0.0009925     | 0.002488    | 0.07345      | 69.17         | 0.009935     | 0.01087     | 0.05028        | 0.8144                 | 0.008441     | 1242.62 | -240179.250993 |
| ATOMUSDT     | 0.001318      | 0.002462    | 0.06929      | 92.35         | 0.009299     | 0.01895     | 0.03931        | 0.6449                 | 0.01348      | 1220.46 | -240179.251318 |
| DOTUSDT      | 0.001066      | 0.002457    | 0.07182      | 78.57         | 0.01099      | 0.01539     | 0.06852        | 0.8545                 | 0.01116      | 1023.67 | -240179.251066 |
| 1000SHIBUSDT | 0.001015      | 0.002447    | 0.06153      | 66.02         | 0.009736     | 0.01682     | 0.07809        | 0.7862                 | 0.01296      | 762.25  | -240179.251015 |
| ALICEUSDT    | 0.001065      | 0.002447    | 0.06748      | 75.88         | 0.01299      | 0.01785     | 0.08397        | 0.7653                 | 0.01361      | 817.83  | -240179.251065 |
| ZENUSDT      | 0.0008979     | 0.002398    | 0.05734      | 61.43         | 0.01264      | 0.01642     | 0.04862        | 0.7735                 | 0.01363      | 934.67  | -240179.250898 |
| BANDUSDT     | 0.001189      | 0.00239     | 0.07124      | 79.7          | 0.01641      | 0.01348     | 0.05817        | 0.8558                 | 0.008999     | 1047.67 | -240179.251189 |
| IMXUSDT      | 0.001456      | 0.002371    | 0.06985      | 73.9          | 0.01218      | 0.01484     | 0.07042        | 0.8812                 | 0.01155      | 490.83  | -240179.251456 |
| MANAUSDT     | 0.00142       | 0.002364    | 0.05384      | 81.62         | 0.01053      | 0.01569     | 0.02568        | 0.7441                 | 0.01017      | 823.67  | -240179.25142  |
| COCOSUSDT    | 0.0005754     | 0.002354    | 0.06721      | 37.4          | 0.01187      | 0.01148     | 0.02811        | 0.9326                 | 0.007759     | 115.38  | -240179.250575 |
| OCEANUSDT    | 0.001644      | 0.002268    | 0.06037      | 54.5          | 0.01146      | 0.01577     | 0.08649        | 0.8134                 | 0.01055      | 955.67  | -240179.251644 |
| 1INCHUSDT    | 0.0009653     | 0.002223    | 0.06493      | 72.88         | 0.009922     | 0.0173      | 0.03305        | 0.8197                 | 0.01128      | 898.54  | -240179.250965 |
| SKLUSDT      | 0.001125      | 0.002207    | 0.06872      | 91.87         | 0.01419      | 0.01838     | 0.09044        | 0.81                   | 0.01287      | 920.67  | -240179.251125 |
| STXUSDT      | 0.001807      | 0.002198    | 0.07485      | 66.12         | 0.01215      | 0.01131     | 0.01344        | 0.9049                 | 0.007574     | 115.38  | -240179.251807 |
| CTKUSDT      | 0.0007793     | 0.002193    | 0.07459      | 90.97         | 0.0106       | 0.01372     | 0.09446        | 0.8023                 | 0.009628     | 938.67  | -240179.250779 |
| CELRUSDT     | 0.001361      | 0.002156    | 0.07485      | 82.63         | 0.01424      | 0.01667     | 0.03862        | 0.7859                 | 0.0109       | 804.67  | -240179.251361 |
| ETHUSDT      | 0.001006      | 0.002154    | 0.05795      | 65.42         | 0.00713      | 0.0192      | 0.03115        | 0.6916                 | 0.0108       | 1261.96 | -240179.251006 |
| ALGOUSDT     | 0.001192      | 0.002154    | 0.05025      | 68.6          | 0.009443     | 0.008044    | 0.07396        | 0.9081                 | 0.004002     | 1090.58 | -240179.251192 |
| NEARUSDT     | 0.001074      | 0.002146    | 0.04558      | 81.65         | 0.01453      | 0.0139      | 0.04596        | 0.8369                 | 0.007714     | 970.62  | -240179.251074 |
| UNFIUSDT     | 0.001133      | 0.002079    | 0.07395      | 87.0          | 0.01707      | 0.01689     | 0.04159        | 0.8079                 | 0.01095      | 847.67  | -240179.251133 |
| SNXUSDT      | 0.001139      | 0.002068    | 0.07108      | 89.83         | 0.01313      | 0.01884     | 0.03388        | 0.8119                 | 0.01226      | 1035.67 | -240179.251139 |
| REEFUSDT     | 0.0009408     | 0.002068    | 0.03355      | 87.27         | 0.01055      | 0.0158      | 0.03617        | 0.7426                 | 0.008822     | 843.67  | -240179.250941 |
| RLCUSDT      | 0.00154       | 0.002059    | 0.0503       | 43.65         | 0.01216      | 0.01677     | 0.057          | 0.8062                 | 0.01189      | 1049.67 | -240179.25154  |
| OGNUSDT      | 0.0007382     | 0.002046    | 0.03732      | 68.28         | 0.01327      | 0.01889     | 0.06167        | 0.7856                 | 0.01046      | 806.67  | -240179.250738 |
| GALUSDT      | 0.0008259     | 0.002033    | 0.0374       | 57.9          | 0.01164      | 0.01056     | 0.0135         | 0.885                  | 0.007434     | 402.38  | -240179.250826 |
| ENJUSDT      | 0.001093      | 0.002013    | 0.04955      | 82.88         | 0.01123      | 0.01872     | 0.07074        | 0.7848                 | 0.01258      | 985.67  | -240179.251093 |
| UNIUSDT      | 0.0009511     | 0.002004    | 0.06607      | 85.83         | 0.01293      | 0.01325     | 0.04485        | 0.8076                 | 0.008216     | 1001.67 | -240179.250951 |
| BELUSDT      | 0.001356      | 0.001987    | 0.07375      | 76.57         | 0.01544      | 0.01671     | 0.06259        | 0.7847                 | 0.01287      | 935.67  | -240179.251356 |
| BCHUSDT      | 0.0006347     | 0.001936    | 0.03903      | 83.17         | 0.01089      | 0.01863     | 0.06003        | 0.6776                 | 0.01014      | 1257.96 | -240179.250635 |
| CRVUSDT      | 0.0007725     | 0.001935    | 0.05277      | 83.93         | 0.01529      | 0.01776     | 0.06978        | 0.8128                 | 0.01133      | 1017.67 | -240179.250772 |
| MKRUSDT      | 0.001447      | 0.001933    | 0.07149      | 93.97         | 0.01225      | 0.01592     | 0.03825        | 0.8386                 | 0.01056      | 1035.67 | -240179.251447 |
| KSMUSDT      | 0.001074      | 0.001931    | 0.0621       | 80.75         | 0.0143       | 0.01883     | 0.06647        | 0.7881                 | 0.01226      | 970.67  | -240179.251074 |
| EGLDUSDT     | 0.0007327     | 0.001922    | 0.05579      | 68.45         | 0.01014      | 0.01692     | 0.06874        | 0.8132                 | 0.01187      | 1004.67 | -240179.250733 |
| SFPUSDT      | 0.0007664     | 0.001869    | 0.03394      | 88.5          | 0.01268      | 0.01421     | 0.02787        | 0.8571                 | 0.007983     | 842.67  | -240179.250766 |
| OMGUSDT      | 0.00119       | 0.001859    | 0.06998      | 86.12         | 0.01322      | 0.01675     | 0.07399        | 0.795                  | 0.01146      | 1079.58 | -240179.25119  |
| XEMUSDT      | 0.0006949     | 0.001847    | 0.03956      | 93.12         | 0.009306     | 0.009826    | 0.05073        | 0.8792                 | 0.005999     | 833.67  | -240179.250695 |
| VETUSDT      | 0.0007872     | 0.001841    | 0.05162      | 74.63         | 0.0108       | 0.01383     | 0.0191         | 0.6972                 | 0.009713     | 1218.62 | -240179.250787 |
| TOMOUSDT     | 0.001333      | 0.001832    | 0.06412      | 92.17         | 0.01408      | 0.01731     | 0.09591        | 0.8188                 | 0.01082      | 977.67  | -240179.251333 |
| FTMUSDT      | 0.0008743     | 0.001824    | 0.05526      | 83.0          | 0.01763      | 0.01833     | 0.03173        | 0.7627                 | 0.009929     | 990.67  | -240179.250874 |
| OPUSDT       | 0.001109      | 0.001821    | 0.07489      | 74.52         | 0.01386      | 0.01836     | 0.09594        | 0.8145                 | 0.01346      | 380.38  | -240179.251109 |
| ARBUSDT      | 0.002437      | 0.001802    | 0.06429      | 69.83         | 0.009746     | 0.01153     | 0.06203        | 0.9189                 | 0.008833     | 80.33   | -240179.252437 |
| CFXUSDT      | 0.001613      | 0.001796    | 0.06084      | 61.92         | 0.01453      | 0.01328     | 0.008797       | 0.9345                 | 0.008        | 111.38  | -240179.251613 |
| CHRUSDT      | 0.0007098     | 0.00177     | 0.05439      | 92.0          | 0.01338      | 0.01282     | 0.03065        | 0.8498                 | 0.008041     | 821.67  | -240179.25071  |
| SANDUSDT     | 0.001091      | 0.001751    | 0.03738      | 83.25         | 0.01176      | 0.01595     | 0.08163        | 0.7721                 | 0.009623     | 871.67  | -240179.251091 |
| ZILUSDT      | 0.0007749     | 0.00175     | 0.04823      | 68.45         | 0.01051      | 0.01569     | 0.05283        | 0.8134                 | 0.01054      | 1093.58 | -240179.250775 |
| ADAUSDT      | 0.0007417     | 0.00174     | 0.01763      | 59.1          | 0.007644     | 0.008437    | 0.04447        | 0.882                  | 0.004101     | 1227.62 | -240179.250742 |
| HOOKUSDT     | 0.001441      | 0.001732    | 0.04479      | 73.5          | 0.01465      | 0.0116      | 0.002728       | 0.9558                 | 0.003478     | 139.83  | -240179.251441 |
| BLURUSDT     | 0.003477      | 0.00173     | 0.06854      | 37.33         | 0.009776     | 0.006944    | 0.0            | 0.982                  | 0.002511     | 44.46   | -240179.253477 |
| DGBUSDT      | 0.0009475     | 0.001721    | 0.07487      | 69.33         | 0.01227      | 0.01833     | 0.06633        | 0.7756                 | 0.01252      | 786.83  | -240179.250947 |
| LINAUSDT     | 0.001383      | 0.001718    | 0.03785      | 88.9          | 0.01685      | 0.01526     | 0.05415        | 0.8156                 | 0.009049     | 814.67  | -240179.251383 |
| CELOUSDT     | 0.001042      | 0.001712    | 0.07447      | 93.98         | 0.01173      | 0.01142     | 0.015          | 0.9018                 | 0.006424     | 627.83  | -240179.251042 |
| AGIXUSDT     | 0.0009406     | 0.001707    | 0.07134      | 67.53         | 0.01377      | 0.01395     | 0.03451        | 0.909                  | 0.009912     | 115.38  | -240179.250941 |
| GALAUSDT     | 0.0009733     | 0.001701    | 0.03345      | 83.62         | 0.0105       | 0.01009     | 0.09198        | 0.9049                 | 0.005583     | 636.83  | -240179.250973 |
| RDNTUSDT     | 0.002145      | 0.001679    | 0.06475      | 38.43         | 0.01176      | 0.008818    | 0.004096       | 0.954                  | 0.004734     | 72.46   | -240179.252145 |
| XLMUSDT      | 0.0007894     | 0.001677    | 0.05072      | 64.38         | 0.006386     | 0.01791     | 0.07635        | 0.7102                 | 0.009763     | 1241.62 | -240179.250789 |
| IDUSDT       | 0.00144       | 0.001576    | 0.06588      | 35.67         | 0.01477      | 0.01824     | 0.06329        | 0.8804                 | 0.01634      | 85.38   | -240179.25144  |
| MTLUSDT      | 0.00122       | 0.001572    | 0.05988      | 84.63         | 0.01539      | 0.01876     | 0.08954        | 0.809                  | 0.01255      | 802.67  | -240179.25122  |
| COMPUSDT     | 0.0007875     | 0.001526    | 0.0682       | 81.88         | 0.01297      | 0.01637     | 0.07227        | 0.7924                 | 0.01002      | 1076.58 | -240179.250787 |
| RSRUSDT      | 0.0009835     | 0.0015      | 0.03457      | 93.38         | 0.0168       | 0.01294     | 0.02891        | 0.8851                 | 0.004222     | 970.67  | -240179.250984 |
| XTZUSDT      | 0.0005558     | 0.001497    | 0.02658      | 82.83         | 0.01079      | 0.01684     | 0.02886        | 0.7154                 | 0.008471     | 1226.62 | -240179.250556 |
| DEFIUSDT     | 0.0008365     | 0.001493    | 0.04875      | 92.97         | 0.01248      | 0.01398     | 0.02889        | 0.8322                 | 0.008182     | 1017.67 | -240179.250836 |
| LITUSDT      | 0.00079       | 0.001489    | 0.03508      | 87.6          | 0.01515      | 0.0126      | 0.009822       | 0.9094                 | 0.003864     | 844.67  | -240179.25079  |
| ICXUSDT      | 0.0009678     | 0.001488    | 0.04432      | 83.48         | 0.01164      | 0.01473     | 0.06204        | 0.8045                 | 0.009429     | 1003.67 | -240179.250968 |
| ETCUSDT      | 0.0007914     | 0.001473    | 0.05995      | 86.45         | 0.01091      | 0.01739     | 0.04198        | 0.6754                 | 0.01095      | 1246.62 | -240179.250791 |
| MINAUSDT     | 0.001464      | 0.001472    | 0.05365      | 49.0          | 0.009273     | 0.009914    | 0.01181        | 0.9167                 | 0.006222     | 129.5   | -240179.251464 |
| IOTAUSDT     | 0.0005349     | 0.001449    | 0.04491      | 95.82         | 0.01454      | 0.01634     | 0.02315        | 0.7616                 | 0.008059     | 1215.62 | -240179.250535 |
| ONEUSDT      | 0.0007433     | 0.001396    | 0.04171      | 91.47         | 0.01436      | 0.01384     | 0.06018        | 0.8248                 | 0.007        | 820.67  | -240179.250743 |
| LDOUSDT      | 0.00115       | 0.001381    | 0.0571       | 68.25         | 0.01221      | 0.01753     | 0.01416        | 0.8083                 | 0.01088      | 267.46  | -240179.25115  |
| WAVESUSDT    | 0.0009268     | 0.001381    | 0.04998      | 78.23         | 0.01326      | 0.01273     | 0.08893        | 0.8657                 | 0.006223     | 1037.67 | -240179.250927 |
| TRXUSDT      | 0.0003383     | 0.001365    | 0.02379      | 93.17         | 0.00746      | 0.008583    | 0.008941       | 0.8713                 | 0.005005     | 1248.62 | -240179.250338 |
| BNBUSDT      | 0.0004138     | 0.001362    | 0.01704      | 88.32         | 0.005731     | 0.005465    | 0.06906        | 0.9229                 | 0.002103     | 1221.62 | -240179.250414 |
| ENSUSDT      | 0.0005945     | 0.001356    | 0.05249      | 82.87         | 0.01145      | 0.01119     | 0.05288        | 0.9107                 | 0.006828     | 558.83  | -240179.250595 |
| SUSHIUSDT    | 0.0007925     | 0.001354    | 0.01937      | 67.67         | 0.01048      | 0.008689    | 0.01287        | 0.9353                 | 0.002328     | 1015.67 | -240179.250792 |
| LUNA2USDT    | 0.0008009     | 0.001346    | 0.07385      | 46.2          | 0.01303      | 0.01584     | 0.0844         | 0.8844                 | 0.01482      | 274.83  | -240179.250801 |
| HIGHUSDT     | 0.00184       | 0.001343    | 0.06111      | 59.02         | 0.01903      | 0.01447     | 0.05728        | 0.9343                 | 0.007177     | 129.88  | -240179.25184  |
| LQTYUSDT     | 0.0004355     | 0.001341    | 0.06503      | 59.38         | 0.01567      | 0.01608     | 0.09468        | 0.8826                 | 0.01154      | 98.46   | -240179.250435 |
| CKBUSDT      | 0.001458      | 0.001333    | 0.04601      | 66.47         | 0.01178      | 0.00969     | 0.0            | 0.9681                 | 0.00275      | 104.46  | -240179.251458 |
| HFTUSDT      | 0.001877      | 0.001317    | 0.07027      | 46.02         | 0.01223      | 0.011       | 0.02701        | 0.9483                 | 0.005556     | 66.46   | -240179.251877 |
| API3USDT     | 0.0005519     | 0.001295    | 0.06171      | 82.07         | 0.01192      | 0.01094     | 0.08423        | 0.9134                 | 0.005613     | 474.83  | -240179.250552 |
| DARUSDT      | 0.0004877     | 0.001283    | 0.04312      | 98.28         | 0.01162      | 0.01298     | 0.02791        | 0.8882                 | 0.00823      | 413.83  | -239950.917154 |
| STMXUSDT     | 0.0007308     | 0.001279    | 0.0681       | 75.23         | 0.01489      | 0.01932     | 0.08994        | 0.8004                 | 0.01265      | 816.67  | -240179.250731 |
| ASTRUSDT     | 0.001376      | 0.001273    | 0.05821      | 49.0          | 0.01252      | 0.01108     | 0.07059        | 0.9371                 | 0.007006     | 117.88  | -240179.251376 |
| ICPUSDT      | 0.00125       | 0.001273    | 0.04371      | 83.48         | 0.01111      | 0.008512    | 0.0            | 0.9786                 | 0.00165      | 262.88  | -240179.25125  |
| JOEUSDT      | 0.001595      | 0.001271    | 0.04418      | 33.62         | 0.01168      | 0.009324    | 0.0            | 0.9468                 | 0.005073     | 79.46   | -240179.251595 |
| ARUSDT       | 0.0005994     | 0.001269    | 0.04986      | 85.9          | 0.01399      | 0.01222     | 0.03363        | 0.8781                 | 0.006538     | 621.83  | -240179.250599 |
| ATAUSDT      | 0.0006912     | 0.001202    | 0.05737      | 93.13         | 0.01374      | 0.01804     | 0.08343        | 0.8122                 | 0.0116       | 649.83  | -240179.250691 |
| APEUSDT      | 0.0007129     | 0.001193    | 0.05141      | 92.1          | 0.0141       | 0.01567     | 0.07742        | 0.8651                 | 0.009615     | 451.33  | -240179.250713 |
| INJUSDT      | 0.001114      | 0.001187    | 0.02295      | 79.33         | 0.01091      | 0.009151    | 0.005042       | 0.9407                 | 0.003165     | 303.88  | -240179.251114 |
| AUDIOUSDT    | 0.0006937     | 0.001173    | 0.0733       | 82.7          | 0.01693      | 0.01637     | 0.09562        | 0.836                  | 0.0101       | 661.83  | -240179.250694 |
| EOSUSDT      | 0.0005952     | 0.001158    | 0.0421       | 94.57         | 0.01027      | 0.0137      | 0.078          | 0.8573                 | 0.009003     | 1250.62 | -240179.250595 |
| ACHUSDT      | 0.001798      | 0.001151    | 0.03424      | 70.25         | 0.01765      | 0.01296     | 0.01495        | 0.9553                 | 0.004103     | 109.38  | -240179.251798 |
| IOSTUSDT     | 0.000675      | 0.001144    | 0.03447      | 93.85         | 0.0154       | 0.01591     | 0.06843        | 0.8547                 | 0.006503     | 1206.62 | -240179.250675 |
| ZRXUSDT      | 0.0007518     | 0.001141    | 0.04205      | 75.27         | 0.01282      | 0.01765     | 0.05224        | 0.812                  | 0.01097      | 1087.58 | -240179.250752 |
| XMRUSDT      | 0.0006385     | 0.001137    | 0.03762      | 67.73         | 0.006412     | 0.0142      | 0.06783        | 0.7258                 | 0.009302     | 1226.62 | -240179.250638 |
| C98USDT      | 0.0002971     | 0.001095    | 0.05774      | 53.8          | 0.01343      | 0.01841     | 0.09416        | 0.847                  | 0.01237      | 656.83  | -240179.250297 |
| STORJUSDT    | 0.0006613     | 0.001081    | 0.04103      | 92.85         | 0.01406      | 0.01252     | 0.03668        | 0.8487                 | 0.008197     | 1003.67 | -240179.250661 |
| AMBUSDT      | 0.001923      | 0.001056    | 0.07325      | 74.77         | 0.01738      | 0.01678     | 0.05643        | 0.8732                 | 0.01049      | 73.46   | -240179.251923 |
| QTUMUSDT     | 0.0005962     | 0.001052    | 0.05933      | 65.93         | 0.01464      | 0.01435     | 0.05293        | 0.7868                 | 0.009853     | 1212.62 | -240179.250596 |
| APTUSDT      | 0.000495      | 0.001048    | 0.03019      | 59.63         | 0.009997     | 0.009386    | 0.0149         | 0.9252                 | 0.005232     | 236.88  | -240179.250495 |
| JASMYUSDT    | 0.0009516     | 0.001034    | 0.02943      | 156.2         | 0.01585      | 0.01169     | 0.0            | 0.9674                 | 0.001958     | 422.83  | -234160.917618 |
| STGUSDT      | 0.0007165     | 0.001032    | 0.02079      | 81.67         | 0.01081      | 0.009201    | 0.0            | 0.9849                 | 0.001171     | 295.46  | -240179.250717 |
| LEVERUSDT    | 0.001884      | 0.001029    | 0.0458       | 51.27         | 0.01273      | 0.009943    | 0.0            | 0.9717                 | 0.002764     | 78.46   | -240179.251884 |
| BLZUSDT      | 0.0006605     | 0.001023    | 0.0484       | 93.12         | 0.01801      | 0.01825     | 0.08722        | 0.8346                 | 0.0104       | 997.67  | -240179.25066  |
| BALUSDT      | 0.000506      | 0.001016    | 0.02799      | 92.55         | 0.01205      | 0.00949     | 0.06009        | 0.9214                 | 0.002674     | 1013.67 | -240179.250506 |
| WOOUSDT      | 0.0007914     | 0.001008    | 0.04106      | 54.63         | 0.009583     | 0.01163     | 0.03835        | 0.9006                 | 0.007751     | 434.83  | -240179.250791 |
| QNTUSDT      | 0.000785      | 0.001007    | 0.04531      | 79.08         | 0.008101     | 0.006319    | 0.004521       | 0.9609                 | 0.002604     | 239.88  | -240179.250785 |
| ZECUSDT      | 0.0006912     | 0.001004    | 0.04249      | 95.82         | 0.01543      | 0.01779     | 0.07788        | 0.7513                 | 0.009793     | 1227.62 | -240179.250691 |
| ANTUSDT      | 0.0006812     | 0.0009762   | 0.0585       | 94.38         | 0.01846      | 0.04007     | 0.1413         | 0.6949                 | 0.02306      | 531.79  | -235852.190542 |
| DYDXUSDT     | 0.0006734     | 0.0009644   | 0.04311      | 90.2          | 0.01692      | 0.01619     | 0.07198        | 0.8263                 | 0.008766     | 644.83  | -240179.250673 |
| KAVAUSDT     | 0.000506      | 0.0009584   | 0.02985      | 93.98         | 0.01567      | 0.01271     | 0.04244        | 0.8989                 | 0.004203     | 1050.67 | -240179.250506 |
| MAGICUSDT    | 0.0009614     | 0.0009573   | 0.04023      | 91.47         | 0.01844      | 0.0143      | 0.0            | 0.9503                 | 0.005195     | 142.83  | -240179.250961 |
| GMTUSDT      | -5.319e-05    | 0.0009325   | 0.04087      | 108.3         | 0.01199      | 0.01056     | 0.3071         | 0.8852                 | 0.005919     | 458.79  | -218236.577525 |
| DASHUSDT     | 0.0004117     | 0.0008891   | 0.05073      | 94.73         | 0.0177       | 0.01494     | 0.0            | 0.8419                 | 0.007458     | 1227.62 | -240179.250412 |
| LPTUSDT      | 0.0003826     | 0.0008805   | 0.06066      | 118.6         | 0.0189       | 0.01834     | 0.09885        | 0.9057                 | 0.007807     | 578.83  | -237920.917049 |
| SSVUSDT      | 0.001059      | 0.0008631   | 0.04909      | 70.87         | 0.01892      | 0.01579     | 0.0            | 0.9349                 | 0.008064     | 112.46  | -240179.251059 |
| NEOUSDT      | 0.0004452     | 0.0008468   | 0.02104      | 93.8          | 0.01309      | 0.01056     | 0.003942       | 0.9515                 | 0.00204      | 1213.62 | -240179.250445 |
| SPELLUSDT    | 0.0007465     | 0.0008459   | 0.03832      | 71.87         | 0.007673     | 0.006917    | 0.002001       | 0.9475                 | 0.003093     | 283.46  | -240179.250747 |
| 1000XECUSDT  | 0.0004959     | 0.0008456   | 0.04875      | 163.2         | 0.01678      | 0.01654     | 0.02386        | 0.9309                 | 0.004258     | 632.83  | -233457.583829 |
| FOOTBALLUSDT | 0.0005709     | 0.0008391   | 0.03362      | 94.02         | 0.009465     | 0.007697    | 0.0            | 0.9647                 | 0.001986     | 286.83  | -240179.250571 |
| ARPAUSDT     | 0.0007875     | 0.0008258   | 0.03366      | 60.9          | 0.01104      | 0.01377     | 0.07699        | 0.8542                 | 0.008194     | 600.83  | -240179.250788 |
| GTCUSDT      | 0.0004921     | 0.0008204   | 0.04821      | 132.1         | 0.01794      | 0.01798     | 0.351          | 0.8225                 | 0.01108      | 735.83  | -211467.72907  |
| BTCUSDT      | 0.0003857     | 0.0008085   | 0.02324      | 91.17         | 0.005435     | 0.005572    | 0.05292        | 0.9245                 | 0.002489     | 1257.96 | -240179.250386 |
| GMXUSDT      | 0.001103      | 0.0008063   | 0.07471      | 81.42         | 0.01264      | 0.01153     | 0.0            | 0.9697                 | 0.004281     | 119.38  | -240179.251103 |
| RENUSDT      | 0.000548      | 0.0008052   | 0.03596      | 78.08         | 0.01741      | 0.01975     | 0.00622        | 0.8065                 | 0.009322     | 975.67  | -240179.250548 |
| BATUSDT      | 0.0004265     | 0.0007993   | 0.03987      | 92.53         | 0.01597      | 0.01309     | 0.09498        | 0.8702                 | 0.004415     | 1214.62 | -240179.250426 |
| FILUSDT      | 0.0005607     | 0.0007856   | 0.03043      | 92.27         | 0.01331      | 0.01199     | 0.07267        | 0.9191                 | 0.003527     | 968.71  | -240179.250561 |
| LTCUSDT      | 0.0005674     | 0.000771    | 0.02813      | 93.27         | 0.01286      | 0.01053     | 0.06934        | 0.9049                 | 0.002749     | 1253.62 | -240179.250567 |
| TRUUSDT      | 0.0009068     | 0.0007687   | 0.04547      | 43.53         | 0.01755      | 0.01456     | 0.0            | 0.9416                 | 0.005712     | 101.46  | -240179.250907 |
| KNCUSDT      | 0.0003984     | 0.0007358   | 0.02962      | 94.15         | 0.01669      | 0.01451     | 0.09167        | 0.8979                 | 0.004498     | 1084.62 | -240179.250398 |
| TLMUSDT      | 0.00144       | 0.0007351   | 0.03123      | 73.53         | 0.008175     | 0.006566    | 0.0            | 0.9889                 | 0.00111      | 78.46   | -240179.25144  |
| ROSEUSDT     | 0.0004512     | 0.0006964   | 0.01792      | 69.12         | 0.01014      | 0.007925    | 0.003629       | 0.9564                 | 0.001883     | 532.83  | -240179.250451 |
| BNXUSDT      | 0.000758      | 0.0006949   | 0.03241      | 88.0          | 0.01703      | 0.0138      | 0.0            | 0.9642                 | 0.004063     | 109.38  | -240179.250758 |
| ONTUSDT      | 0.0003846     | 0.0006615   | 0.03291      | 93.42         | 0.01832      | 0.0158      | 0.01296        | 0.8377                 | 0.005748     | 1219.62 | -240179.250385 |
| CVXUSDT      | 0.0005403     | 0.0006565   | 0.06307      | 79.05         | 0.01139      | 0.009885    | 0.09604        | 0.9305                 | 0.006018     | 262.46  | -240179.25054  |
| BLUEBIRDUSDT | 0.0004906     | 0.0006398   | 0.0367       | 82.63         | 0.006206     | 0.006149    | 0.0            | 0.9789                 | 0.001838     | 221.46  | -240179.250491 |
| TRBUSDT      | 0.0003008     | 0.0006231   | 0.01801      | 89.28         | 0.01779      | 0.01489     | 0.05833        | 0.9125                 | 0.003084     | 1016.67 | -240179.250301 |
| XVSUSDT      | 0.001349      | 0.0006041   | 0.04422      | 78.67         | 0.01634      | 0.01436     | 0.0            | 0.9454                 | 0.006269     | 64.88   | -240179.251349 |
| IOTXUSDT     | 0.0003449     | 0.0005987   | 0.0272       | 82.13         | 0.01464      | 0.01193     | 0.1555         | 0.9094                 | 0.003338     | 673.83  | -234628.422458 |
| PHBUSDT      | 0.0007866     | 0.0005858   | 0.04214      | 50.7          | 0.0185       | 0.01466     | 0.0            | 0.9576                 | 0.004542     | 120.38  | -240179.250787 |
| BAKEUSDT     | 0.0002328     | 0.0004644   | 0.07694      | 133.6         | 0.02501      | 0.02946     | 0.2758         | 0.7549                 | 0.02018      | 757.67  | -218747.124127 |
| FLOWUSDT     | 0.0001837     | 0.00043     | 0.04882      | 111.4         | 0.0149       | 0.01366     | 0.138          | 0.8903                 | 0.007552     | 486.83  | -234837.638598 |
| CTSIUSDT     | 0.0003084     | 0.0003852   | 0.02055      | 104.2         | 0.01834      | 0.0143      | 0.0            | 0.9538                 | 0.002358     | 593.83  | -239360.916975 |
| DUSKUSDT     | 0.0002581     | 0.0003818   | 0.02209      | 71.17         | 0.01917      | 0.01514     | 0.0            | 0.9757                 | 0.001986     | 520.83  | -240179.250258 |
| PERPUSDT     | 0.0001353     | 0.0003465   | 0.09725      | 59.57         | 0.02282      | 0.01953     | 0.0            | 0.9221                 | 0.01341      | 102.46  | -240176.209412 |
| FXSUSDT      | 0.0002358     | 0.0003118   | 0.02033      | 46.37         | 0.02005      | 0.01321     | 0.0            | 0.9856                 | 0.001193     | 147.83  | -240179.202712 |
| FLMUSDT      | 0.0001434     | 0.000303    | 0.01358      | 69.3          | 0.01864      | 0.01352     | 0.002915       | 0.9448                 | 0.001809     | 988.67  | -240179.250143 |
| PEOPLEUSDT   | 0.0001337     | 0.0002878   | 0.01598      | 73.32         | 0.018        | 0.01363     | 0.0            | 0.9511                 | 0.002405     | 539.79  | -240179.250134 |
| MASKUSDT     | 0.0002113     | 0.0002759   | 0.0192       | 92.55         | 0.0199       | 0.01494     | 0.0            | 0.9359                 | 0.00373      | 658.83  | -240179.250211 |
| BTCDOMUSDT   | 5.88e-05      | 0.0001303   | 0.03563      | 196.2         | 0.00635      | 0.005237    | 0.04031        | 0.9572                 | 0.002634     | 720.83  | -230154.250059 |
| TUSDT        | 8.482e-05     | 0.0001157   | 0.0149       | 96.57         | 0.01918      | 0.01308     | 0.0            | 0.9878                 | 0.001046     | 135.42  | -240122.583418 |
| USDCUSDT     | 1.494e-07     | 1.494e-06   | 0.01444      | 52.72         | 0.001797     | 0.001174    | 0.0            | 1.0                    | 2.004e-05    | 96.25   | -240179.25     |
| KLAYUSDT     | 0.0002669     | -1.676e-05  | 0.07356      | 191.0         | 0.01491      | 0.01435     | 0.9724         | 0.8697                 | 0.008431     | 612.83  | -143440.897444 |
+--------------+---------------+-------------+--------------+---------------+--------------+-------------+----------------+------------------------+--------------+---------+----------------+

+--------------------------------------------------------------------------------------------------------------------------------------------------------------------------------------------+
|                                                                                           short                                                                                            |
+--------------+---------------+-------------+--------------+---------------+--------------+-------------+----------------+------------------------+--------------+---------+----------------+
| symbol       | adg_w_per_exp | adg_per_exp | exp_rts_mean | hrs_stuck_max | pa_dist_mean | pa_dist_std | loss_profit_rt | eqbal_rt_10_worst_mean | eqbal_rt_std | n_days  | score          |
+--------------+---------------+-------------+--------------+---------------+--------------+-------------+----------------+------------------------+--------------+---------+----------------+
| LQTYUSDT     | 0.001376      | 0.003667    | 0.02403      | 57.98         | 0.008393     | 0.00666     | 0.0            | 0.9864                 | 0.001207     | 98.46   | -230179.251376 |
| HOOKUSDT     | 0.001394      | 0.003579    | 0.0591       | 49.37         | 0.009169     | 0.01046     | 0.01459        | 0.9079                 | 0.008625     | 139.83  | -230179.251394 |
| AMBUSDT      | 0.00704       | 0.003327    | 0.02567      | 46.68         | 0.00776      | 0.006336    | 0.0            | 0.9872                 | 0.001192     | 73.46   | -230179.25704  |
| STMXUSDT     | 0.001709      | 0.003183    | 0.07459      | 90.85         | 0.01236      | 0.017       | 0.03613        | 0.7477                 | 0.01491      | 816.67  | -230179.251709 |
| SSVUSDT      | 0.001987      | 0.003166    | 0.04385      | 39.77         | 0.008221     | 0.007055    | 0.002634       | 0.9538                 | 0.003925     | 112.46  | -230179.251987 |
| HIGHUSDT     | 0.003158      | 0.003109    | 0.02613      | 62.37         | 0.007557     | 0.007904    | 0.0005736      | 0.9339                 | 0.004523     | 129.88  | -230179.253158 |
| GALUSDT      | 0.001186      | 0.0031      | 0.05242      | 84.55         | 0.01053      | 0.009619    | 0.06757        | 0.8948                 | 0.006054     | 402.38  | -230179.251186 |
| ACHUSDT      | 0.00171       | 0.003073    | 0.05241      | 68.0          | 0.007248     | 0.008477    | 0.004933       | 0.9374                 | 0.005444     | 109.38  | -230179.25171  |
| FETUSDT      | 0.001769      | 0.003042    | 0.06056      | 73.43         | 0.01363      | 0.01531     | 0.03325        | 0.8408                 | 0.01151      | 150.88  | -230179.251769 |
| AGIXUSDT     | 0.001721      | 0.002963    | 0.04956      | 82.67         | 0.007238     | 0.01028     | 0.01487        | 0.9183                 | 0.007195     | 115.38  | -230179.251721 |
| CTKUSDT      | 0.001085      | 0.002843    | 0.07487      | 61.88         | 0.00987      | 0.01859     | 0.08292        | 0.5049                 | 0.01821      | 938.67  | -230179.251085 |
| TRUUSDT      | 0.004435      | 0.002734    | 0.03625      | 49.22         | 0.009414     | 0.01449     | 0.01952        | 0.8078                 | 0.01431      | 101.46  | -230179.254435 |
| RSRUSDT      | 0.001536      | 0.00269     | 0.06149      | 67.53         | 0.01369      | 0.01327     | 0.0685         | 0.7917                 | 0.01001      | 970.67  | -230179.251536 |
| SUSHIUSDT    | 0.001153      | 0.002671    | 0.07212      | 84.7          | 0.01483      | 0.01738     | 0.0608         | 0.7072                 | 0.01461      | 1015.67 | -230179.251153 |
| BNXUSDT      | 0.001312      | 0.002628    | 0.05483      | 60.95         | 0.01157      | 0.01923     | 0.08284        | 0.8484                 | 0.01574      | 109.38  | -230179.251312 |
| JOEUSDT      | 0.00209       | 0.002623    | 0.04815      | 55.25         | 0.00873      | 0.007806    | 0.0            | 0.9651                 | 0.003231     | 79.46   | -230179.25209  |
| HBARUSDT     | 0.001404      | 0.002595    | 0.07078      | 66.85         | 0.01116      | 0.01315     | 0.04569        | 0.8614                 | 0.01058      | 821.67  | -230179.251404 |
| MINAUSDT     | 0.0008357     | 0.002568    | 0.04118      | 78.38         | 0.009965     | 0.01096     | 0.0261         | 0.9034                 | 0.007731     | 129.5   | -230179.250836 |
| LUNA2USDT    | 0.001061      | 0.002526    | 0.04068      | 74.88         | 0.007792     | 0.007506    | 0.007915       | 0.9076                 | 0.005477     | 274.83  | -230179.251061 |
| GRTUSDT      | 0.001629      | 0.002525    | 0.06755      | 89.97         | 0.01317      | 0.01656     | 0.05           | 0.737                  | 0.01535      | 909.67  | -230179.251629 |
| OCEANUSDT    | 0.001998      | 0.002494    | 0.07471      | 64.28         | 0.0137       | 0.01665     | 0.05181        | 0.7998                 | 0.01463      | 955.67  | -230179.251998 |
| REEFUSDT     | 0.00127       | 0.002409    | 0.06215      | 85.35         | 0.01146      | 0.01089     | 0.06833        | 0.8309                 | 0.006856     | 843.67  | -230179.25127  |
| ATOMUSDT     | 0.001095      | 0.002327    | 0.07318      | 67.02         | 0.009058     | 0.01277     | 0.0617         | 0.7847                 | 0.01224      | 1220.46 | -230179.251095 |
| LITUSDT      | 0.001474      | 0.002321    | 0.06742      | 80.5          | 0.01508      | 0.01744     | 0.04304        | 0.7544                 | 0.01547      | 844.67  | -230179.251474 |
| SKLUSDT      | 0.00125       | 0.0023      | 0.04632      | 95.42         | 0.01338      | 0.01375     | 0.0511         | 0.6672                 | 0.01141      | 920.67  | -230179.25125  |
| SANDUSDT     | 0.0008476     | 0.002285    | 0.02371      | 72.15         | 0.01095      | 0.01007     | 0.08841        | 0.8725                 | 0.004822     | 871.67  | -230179.250848 |
| PHBUSDT      | 0.001712      | 0.002261    | 0.03993      | 80.68         | 0.007882     | 0.01033     | 0.02101        | 0.9067                 | 0.007697     | 120.38  | -230179.251712 |
| ATAUSDT      | 0.001258      | 0.002215    | 0.0546       | 80.32         | 0.008862     | 0.01332     | 0.05147        | 0.8134                 | 0.01128      | 649.83  | -230179.251258 |
| CHRUSDT      | 0.0009012     | 0.002199    | 0.06969      | 76.83         | 0.01344      | 0.01709     | 0.0699         | 0.6609                 | 0.01529      | 821.67  | -230179.250901 |
| CKBUSDT      | 0.0009419     | 0.002194    | 0.04007      | 80.7          | 0.005691     | 0.005236    | 0.0            | 0.978                  | 0.002003     | 104.46  | -230179.250942 |
| RDNTUSDT     | 0.001933      | 0.002165    | 0.0608       | 67.0          | 0.01085      | 0.009439    | 0.001241       | 0.9574                 | 0.004435     | 72.46   | -230179.251933 |
| LEVERUSDT    | 0.002088      | 0.002154    | 0.03291      | 46.77         | 0.008366     | 0.006841    | 0.0            | 0.9862                 | 0.001325     | 78.46   | -230179.252088 |
| FXSUSDT      | 0.001135      | 0.002135    | 0.0307       | 53.82         | 0.006248     | 0.006924    | 0.01257        | 0.9411                 | 0.0044       | 147.83  | -230179.251135 |
| XVSUSDT      | 0.001941      | 0.002129    | 0.06106      | 33.6          | 0.008194     | 0.006576    | 0.005577       | 0.9662                 | 0.003403     | 64.88   | -230179.251941 |
| BLZUSDT      | 0.001311      | 0.002091    | 0.07428      | 92.6          | 0.01689      | 0.0159      | 0.08033        | 0.7922                 | 0.01341      | 997.67  | -230179.251311 |
| COCOSUSDT    | 0.0006581     | 0.002086    | 0.01261      | 46.68         | 0.00928      | 0.007999    | 0.0            | 0.9783                 | 0.001527     | 115.38  | -230179.250658 |
| EDUUSDT      | 0.001351      | 0.002038    | 0.07315      | 21.93         | 0.01167      | 0.01389     | 0.00987        | 0.9369                 | 0.00866      | 47.46   | -230179.251351 |
| APEUSDT      | 0.0007718     | 0.002033    | 0.06031      | 87.75         | 0.009449     | 0.01442     | 0.06009        | 0.8276                 | 0.01361      | 451.33  | -230179.250772 |
| XEMUSDT      | 0.001536      | 0.00202     | 0.06917      | 87.7          | 0.01103      | 0.01473     | 0.04169        | 0.7146                 | 0.0148       | 833.67  | -230179.251536 |
| ENJUSDT      | 0.001043      | 0.001995    | 0.07408      | 62.42         | 0.01303      | 0.0195      | 0.0848         | 0.7499                 | 0.01689      | 985.67  | -230179.251043 |
| ZENUSDT      | 0.0009519     | 0.00199     | 0.07484      | 89.4          | 0.01506      | 0.01755     | 0.03409        | 0.6763                 | 0.01479      | 934.67  | -230179.250952 |
| TUSDT        | 0.0008596     | 0.00196     | 0.02841      | 81.98         | 0.008352     | 0.006878    | 0.001383       | 0.9675                 | 0.002203     | 135.42  | -230179.25086  |
| JASMYUSDT    | 0.001311      | 0.001942    | 0.04059      | 70.83         | 0.01088      | 0.008745    | 0.000284       | 0.94                   | 0.002624     | 422.83  | -230179.251311 |
| XTZUSDT      | 0.001028      | 0.001929    | 0.06732      | 68.28         | 0.009987     | 0.01706     | 0.08946        | 0.7313                 | 0.01533      | 1226.62 | -230179.251028 |
| ASTRUSDT     | 0.001057      | 0.001885    | 0.04932      | 49.77         | 0.009846     | 0.01278     | 0.07789        | 0.8894                 | 0.01018      | 117.88  | -230179.251057 |
| MANAUSDT     | 0.0007978     | 0.001884    | 0.03465      | 82.6          | 0.008705     | 0.01014     | 0.05168        | 0.8421                 | 0.005912     | 823.67  | -230179.250798 |
| CHZUSDT      | 0.0008505     | 0.00186     | 0.07362      | 85.1          | 0.01477      | 0.01775     | 0.06655        | 0.5947                 | 0.01834      | 871.67  | -230179.250851 |
| LINKUSDT     | 0.001018      | 0.00184     | 0.06355      | 75.95         | 0.01087      | 0.0191      | 0.05856        | 0.7004                 | 0.0171       | 1242.62 | -230179.251018 |
| ONEUSDT      | 0.0008943     | 0.001833    | 0.03783      | 78.87         | 0.01149      | 0.01183     | 0.08901        | 0.819                  | 0.00744      | 820.67  | -230179.250894 |
| BLURUSDT     | 0.001578      | 0.001833    | 0.04319      | 30.98         | 0.007514     | 0.007178    | 0.007609       | 0.9563                 | 0.004909     | 44.46   | -230179.251578 |
| RLCUSDT      | 0.001211      | 0.00183     | 0.06656      | 85.98         | 0.01394      | 0.01429     | 0.09817        | 0.7269                 | 0.01138      | 1049.67 | -230179.251211 |
| ALGOUSDT     | 0.000922      | 0.001812    | 0.06702      | 92.15         | 0.01346      | 0.01197     | 0.02636        | 0.832                  | 0.009368     | 1090.58 | -230179.250922 |
| CELRUSDT     | 0.001502      | 0.001799    | 0.03972      | 54.33         | 0.0106       | 0.01989     | 0.07658        | 0.6101                 | 0.01851      | 804.67  | -230179.251502 |
| CRVUSDT      | 0.0009508     | 0.00178     | 0.07385      | 90.33         | 0.0155       | 0.01787     | 0.09837        | 0.7185                 | 0.01581      | 1017.67 | -230179.250951 |
| HOTUSDT      | 0.0009206     | 0.001752    | 0.07374      | 91.93         | 0.01251      | 0.01325     | 0.06221        | 0.8267                 | 0.009925     | 808.67  | -230179.250921 |
| UNIUSDT      | 0.000812      | 0.001752    | 0.05967      | 76.03         | 0.01301      | 0.01649     | 0.04           | 0.6447                 | 0.01447      | 1001.67 | -230179.250812 |
| FLMUSDT      | 0.0009583     | 0.001747    | 0.07264      | 83.07         | 0.01761      | 0.01568     | 0.08924        | 0.7608                 | 0.01192      | 988.67  | -230179.250958 |
| ENSUSDT      | 0.000744      | 0.001735    | 0.073        | 89.42         | 0.01091      | 0.01316     | 0.05641        | 0.867                  | 0.009439     | 558.83  | -230179.250744 |
| DGBUSDT      | 0.0009602     | 0.001721    | 0.07181      | 79.2          | 0.009222     | 0.01554     | 0.07102        | 0.7261                 | 0.01329      | 786.83  | -230179.25096  |
| COTIUSDT     | 0.001061      | 0.001709    | 0.05609      | 86.63         | 0.0134       | 0.01443     | 0.04798        | 0.7597                 | 0.01102      | 823.67  | -230179.251061 |
| ONTUSDT      | 0.001292      | 0.001707    | 0.0639       | 60.23         | 0.01075      | 0.01083     | 0.0401         | 0.8561                 | 0.00857      | 1219.62 | -230179.251292 |
| NKNUSDT      | 0.001128      | 0.001702    | 0.06136      | 71.83         | 0.01556      | 0.02        | 0.07507        | 0.7224                 | 0.0144       | 798.67  | -230179.251128 |
| ZECUSDT      | 0.0009083     | 0.001701    | 0.07277      | 63.45         | 0.009483     | 0.01295     | 0.05933        | 0.8002                 | 0.01175      | 1227.62 | -230179.250908 |
| SPELLUSDT    | 0.0007302     | 0.001679    | 0.03648      | 92.57         | 0.008389     | 0.007606    | 0.005984       | 0.928                  | 0.004071     | 283.46  | -230179.25073  |
| KSMUSDT      | 0.0008509     | 0.001628    | 0.06712      | 80.87         | 0.01647      | 0.01424     | 0.07313        | 0.7566                 | 0.01227      | 970.67  | -230179.250851 |
| THETAUSDT    | 0.000757      | 0.001605    | 0.06727      | 81.6          | 0.01394      | 0.01491     | 0.05002        | 0.8633                 | 0.009009     | 1113.62 | -230179.250757 |
| RENUSDT      | 0.001487      | 0.001602    | 0.0729       | 89.42         | 0.01889      | 0.01993     | 0.07106        | 0.707                  | 0.01633      | 975.67  | -230179.251487 |
| 1INCHUSDT    | 0.0007877     | 0.001567    | 0.07478      | 81.07         | 0.01498      | 0.01712     | 0.07093        | 0.7601                 | 0.01104      | 898.54  | -230179.250788 |
| IDUSDT       | 0.0008519     | 0.001555    | 0.02374      | 26.87         | 0.007539     | 0.007471    | 0.001733       | 0.9446                 | 0.004332     | 85.38   | -230179.250852 |
| WOOUSDT      | 0.001186      | 0.001548    | 0.03955      | 71.98         | 0.01309      | 0.0111      | 0.01753        | 0.903                  | 0.005272     | 434.83  | -230179.251186 |
| DOGEUSDT     | 0.0004684     | 0.001542    | 0.01111      | 79.35         | 0.008131     | 0.01425     | 0.03838        | 0.7651                 | 0.009136     | 1066.58 | -230179.250468 |
| ZILUSDT      | 0.0009823     | 0.001533    | 0.03816      | 76.02         | 0.009835     | 0.0131      | 0.06101        | 0.8224                 | 0.0107       | 1093.58 | -230179.250982 |
| ZRXUSDT      | 0.0009704     | 0.001527    | 0.06924      | 87.65         | 0.01383      | 0.01768     | 0.06801        | 0.7029                 | 0.01482      | 1087.58 | -230179.25097  |
| PERPUSDT     | 0.0006911     | 0.001508    | 0.03546      | 54.17         | 0.008827     | 0.006547    | 0.0006201      | 0.9811                 | 0.001452     | 102.46  | -230179.250691 |
| 1000XECUSDT  | 0.0007275     | 0.001507    | 0.02617      | 72.17         | 0.00556      | 0.005742    | 0.003809       | 0.923                  | 0.003628     | 632.83  | -230179.250728 |
| YFIUSDT      | 0.0008578     | 0.001495    | 0.04888      | 70.5          | 0.01212      | 0.01778     | 0.08515        | 0.6693                 | 0.01731      | 1018.67 | -230179.250858 |
| NEARUSDT     | 0.0007299     | 0.001492    | 0.04576      | 74.42         | 0.013        | 0.01695     | 0.0641         | 0.7169                 | 0.01335      | 970.62  | -230179.25073  |
| MAGICUSDT    | 0.0007169     | 0.001492    | 0.03728      | 26.72         | 0.0126       | 0.01064     | 0.02392        | 0.885                  | 0.008391     | 142.83  | -230179.250717 |
| GMXUSDT      | 0.001209      | 0.001492    | 0.06187      | 66.08         | 0.008317     | 0.006722    | 0.01593        | 0.9599                 | 0.00342      | 119.38  | -230179.251209 |
| CELOUSDT     | 0.0009357     | 0.001488    | 0.06436      | 47.32         | 0.009332     | 0.01174     | 0.04721        | 0.8442                 | 0.01041      | 627.83  | -230179.250936 |
| IOSTUSDT     | 0.0007633     | 0.001473    | 0.03943      | 80.57         | 0.0118       | 0.01449     | 0.02547        | 0.7228                 | 0.01093      | 1206.62 | -230179.250763 |
| XLMUSDT      | 0.0005928     | 0.001465    | 0.05976      | 67.08         | 0.008937     | 0.01571     | 0.08074        | 0.8216                 | 0.01332      | 1241.62 | -230179.250593 |
| IOTAUSDT     | 0.0008257     | 0.001447    | 0.05317      | 66.38         | 0.009304     | 0.008746    | 0.08142        | 0.8538                 | 0.007011     | 1215.62 | -230179.250826 |
| LDOUSDT      | 0.0009822     | 0.00143     | 0.04636      | 42.58         | 0.01065      | 0.01071     | 0.02792        | 0.9065                 | 0.006866     | 267.46  | -230179.250982 |
| STXUSDT      | 0.001016      | 0.001424    | 0.04248      | 65.4          | 0.01359      | 0.01198     | 0.03209        | 0.901                  | 0.008457     | 115.38  | -230179.251016 |
| ALICEUSDT    | 0.0006389     | 0.001408    | 0.06685      | 90.13         | 0.01907      | 0.01803     | 0.02082        | 0.8426                 | 0.01203      | 817.83  | -230179.250639 |
| INJUSDT      | 0.001079      | 0.001406    | 0.04292      | 41.25         | 0.00987      | 0.009328    | 0.02394        | 0.9213                 | 0.004937     | 303.88  | -230179.251079 |
| EOSUSDT      | 0.0009579     | 0.001404    | 0.0601       | 74.28         | 0.009175     | 0.01351     | 0.05151        | 0.6512                 | 0.01363      | 1250.62 | -230179.250958 |
| ICPUSDT      | 0.0009348     | 0.001399    | 0.05518      | 64.28         | 0.006281     | 0.006751    | 0.003559       | 0.9381                 | 0.004025     | 262.88  | -230179.250935 |
| ANKRUSDT     | 0.000829      | 0.001379    | 0.05697      | 85.25         | 0.0172       | 0.01793     | 0.05018        | 0.7907                 | 0.01305      | 866.67  | -230179.250829 |
| PEOPLEUSDT   | 0.0005702     | 0.001374    | 0.0472       | 81.45         | 0.01587      | 0.01613     | 0.08554        | 0.6777                 | 0.01572      | 539.79  | -230179.25057  |
| DARUSDT      | 0.0006139     | 0.001339    | 0.03808      | 92.28         | 0.0111       | 0.0107      | 0.01446        | 0.851                  | 0.007031     | 413.83  | -230179.250614 |
| HFTUSDT      | 0.001246      | 0.001329    | 0.04216      | 36.38         | 0.007513     | 0.00685     | 0.01525        | 0.9524                 | 0.004191     | 66.46   | -230179.251246 |
| NEOUSDT      | 0.001058      | 0.001329    | 0.0749       | 95.25         | 0.01053      | 0.01171     | 0.08551        | 0.8523                 | 0.01007      | 1213.62 | -230179.251058 |
| KAVAUSDT     | 0.0009849     | 0.001317    | 0.0528       | 95.1          | 0.01732      | 0.01912     | 0.07379        | 0.6848                 | 0.01414      | 1050.67 | -230179.250985 |
| AVAXUSDT     | 0.0006551     | 0.00131     | 0.04557      | 95.98         | 0.01415      | 0.01612     | 0.07403        | 0.714                  | 0.01293      | 991.67  | -230179.250655 |
| OGNUSDT      | 0.0005147     | 0.00129     | 0.02501      | 88.97         | 0.01356      | 0.0126      | 0.009304       | 0.7894                 | 0.007252     | 806.67  | -230179.250515 |
| 1000LUNCUSDT | 0.0008446     | 0.001267    | 0.02651      | 93.13         | 0.009531     | 0.01199     | 0.09412        | 0.8551                 | 0.008811     | 275.42  | -230179.250845 |
| DEFIUSDT     | 0.0007057     | 0.001265    | 0.07041      | 87.92         | 0.016        | 0.01589     | 0.0785         | 0.8123                 | 0.01221      | 1017.67 | -230179.250706 |
| KNCUSDT      | 0.0006814     | 0.001256    | 0.04189      | 92.65         | 0.01573      | 0.01387     | 0.07167        | 0.7585                 | 0.01103      | 1084.62 | -230179.250681 |
| DUSKUSDT     | 0.000682      | 0.001253    | 0.03005      | 86.48         | 0.0135       | 0.01039     | 0.0            | 0.8648                 | 0.004847     | 520.83  | -230179.250682 |
| GTCUSDT      | 0.0007028     | 0.001245    | 0.06612      | 99.92         | 0.01969      | 0.02239     | 0.06611        | 0.5654                 | 0.02         | 735.83  | -229763.679284 |
| XMRUSDT      | 0.0006196     | 0.001243    | 0.07385      | 72.57         | 0.008486     | 0.01405     | 0.09076        | 0.8191                 | 0.0118       | 1226.62 | -230179.25062  |
| VETUSDT      | 0.0005181     | 0.001233    | 0.02967      | 79.78         | 0.01116      | 0.00963     | 0.03216        | 0.838                  | 0.005404     | 1218.62 | -230179.250518 |
| STGUSDT      | 0.0008099     | 0.001217    | 0.0502       | 69.47         | 0.009695     | 0.01227     | 0.09295        | 0.8807                 | 0.01011      | 295.46  | -230179.25081  |
| TOMOUSDT     | 0.001448      | 0.001201    | 0.04455      | 95.95         | 0.01914      | 0.01872     | 0.02115        | 0.8483                 | 0.00724      | 977.67  | -230179.251448 |
| CFXUSDT      | 0.000505      | 0.001197    | 0.04547      | 88.4          | 0.01704      | 0.01844     | 0.0            | 0.9323                 | 0.008211     | 111.38  | -230179.250505 |
| SOLUSDT      | 0.0008366     | 0.001197    | 0.02445      | 53.18         | 0.01196      | 0.01123     | 0.03474        | 0.8137                 | 0.006874     | 1005.67 | -230179.250837 |
| FLOWUSDT     | 0.00054       | 0.001184    | 0.0356       | 78.9          | 0.0113       | 0.007338    | 0.008087       | 0.9478                 | 0.002651     | 486.83  | -230179.25054  |
| ALPHAUSDT    | 0.0009795     | 0.001169    | 0.02983      | 75.68         | 0.01533      | 0.01233     | 0.02403        | 0.8345                 | 0.0058       | 930.67  | -230179.250979 |
| ADAUSDT      | 0.00063       | 0.001158    | 0.04735      | 75.28         | 0.009596     | 0.01239     | 0.05974        | 0.7865                 | 0.0118       | 1227.62 | -230179.25063  |
| APTUSDT      | 0.0003385     | 0.001143    | 0.01073      | 41.77         | 0.008473     | 0.007251    | 0.0            | 0.9799                 | 0.001074     | 236.88  | -230179.250339 |
| XRPUSDT      | 0.0005282     | 0.00114     | 0.04778      | 95.37         | 0.01223      | 0.01112     | 0.09178        | 0.7065                 | 0.01135      | 1257.62 | -230179.250528 |
| ANTUSDT      | 0.0007507     | 0.001122    | 0.03768      | 62.72         | 0.01227      | 0.01256     | 0.07723        | 0.8371                 | 0.008812     | 531.79  | -230179.250751 |
| FTMUSDT      | 0.0005176     | 0.00112     | 0.01667      | 60.38         | 0.01311      | 0.01213     | 0.04391        | 0.9017                 | 0.003396     | 990.67  | -230179.250518 |
| WAVESUSDT    | 0.0002434     | 0.001118    | 0.06538      | 76.35         | 0.01031      | 0.007502    | 0.7822         | 0.9079                 | 0.003405     | 1037.67 | -161955.989187 |
| BELUSDT      | 0.0008623     | 0.001096    | 0.0476       | 91.62         | 0.01397      | 0.01827     | 0.07547        | 0.5797                 | 0.01691      | 935.67  | -230179.250862 |
| RNDRUSDT     | 0.001046      | 0.001082    | 0.0276       | 65.98         | 0.01738      | 0.01684     | 0.002377       | 0.9254                 | 0.005635     | 133.88  | -230179.251046 |
| QTUMUSDT     | 0.0007646     | 0.00108     | 0.03856      | 70.5          | 0.01266      | 0.01658     | 0.07795        | 0.6923                 | 0.01486      | 1212.62 | -230179.250765 |
| EGLDUSDT     | 0.0005354     | 0.001048    | 0.03759      | 90.83         | 0.01394      | 0.01157     | 0.02729        | 0.8921                 | 0.005325     | 1004.67 | -230179.250535 |
| BAKEUSDT     | 0.0005493     | 0.001029    | 0.04995      | 72.5          | 0.0162       | 0.01312     | 0.07795        | 0.8593                 | 0.01008      | 757.67  | -230179.250549 |
| ARPAUSDT     | 0.001547      | 0.001014    | 0.01471      | 68.6          | 0.009907     | 0.008753    | 0.01235        | 0.8868                 | 0.00411      | 600.83  | -230179.251547 |
| ETCUSDT      | 0.0005312     | 0.001006    | 0.02055      | 88.85         | 0.01055      | 0.00949     | 0.01575        | 0.8457                 | 0.004907     | 1246.62 | -230179.250531 |
| DOTUSDT      | 0.0004374     | 0.001006    | 0.05174      | 66.33         | 0.01112      | 0.008796    | 0.03732        | 0.9168                 | 0.0046       | 1023.67 | -230179.250437 |
| DASHUSDT     | 0.0006091     | 0.0009925   | 0.04798      | 76.55         | 0.01243      | 0.01109     | 0.0491         | 0.8752                 | 0.007239     | 1227.62 | -230179.250609 |
| AAVEUSDT     | 0.0003938     | 0.0009287   | 0.02608      | 93.57         | 0.01459      | 0.01188     | 0.06106        | 0.8894                 | 0.004824     | 968.67  | -230179.250394 |
| LTCUSDT      | 0.0007287     | 0.0009247   | 0.0534       | 87.63         | 0.01437      | 0.01354     | 0.07988        | 0.8593                 | 0.009744     | 1253.62 | -230179.250729 |
| CVXUSDT      | 0.0002586     | 0.0009194   | 0.06311      | 70.75         | 0.00948      | 0.01026     | 0.09848        | 0.884                  | 0.008389     | 262.46  | -230179.250259 |
| SFPUSDT      | 0.0005496     | 0.0009145   | 0.07867      | 110.0         | 0.02181      | 0.0215      | 0.4544         | 0.825                  | 0.0118       | 842.67  | -193318.16709  |
| OMGUSDT      | 0.0005724     | 0.0009072   | 0.01909      | 65.67         | 0.01174      | 0.009034    | 0.05593        | 0.9072                 | 0.002605     | 1079.58 | -230179.250572 |
| TRBUSDT      | 0.0005692     | 0.000894    | 0.02775      | 86.2          | 0.01946      | 0.01833     | 0.0            | 0.8696                 | 0.00673      | 1016.67 | -230179.250569 |
| BATUSDT      | 0.0005713     | 0.0008862   | 0.04512      | 94.28         | 0.01389      | 0.01135     | 0.06917        | 0.8813                 | 0.006184     | 1214.62 | -230179.250571 |
| FOOTBALLUSDT | 0.0004        | 0.0008859   | 0.03468      | 65.13         | 0.006134     | 0.008757    | 0.06826        | 0.9178                 | 0.006931     | 286.83  | -230179.2504   |
| TLMUSDT      | 0.0006477     | 0.0008443   | 0.03722      | 34.88         | 0.005725     | 0.004998    | 0.0            | 0.9901                 | 0.001056     | 78.46   | -230179.250648 |
| COMPUSDT     | 0.0004753     | 0.0008438   | 0.02311      | 88.17         | 0.01442      | 0.01227     | 0.09096        | 0.8989                 | 0.003935     | 1076.58 | -230179.250475 |
| API3USDT     | 0.0003515     | 0.0008277   | 0.03838      | 65.4          | 0.01186      | 0.01219     | 0.08952        | 0.8535                 | 0.008263     | 474.83  | -230179.250352 |
| LINAUSDT     | 0.00132       | 0.0008251   | 0.02723      | 86.15         | 0.01593      | 0.01907     | 0.05354        | 0.767                  | 0.009686     | 814.67  | -230179.25132  |
| OPUSDT       | 0.000308      | 0.0008149   | 0.01241      | 57.77         | 0.007749     | 0.009606    | 0.0154         | 0.8828                 | 0.005391     | 380.38  | -230179.250308 |
| BANDUSDT     | 0.0005832     | 0.000809    | 0.01791      | 87.32         | 0.0166       | 0.01462     | 0.02865        | 0.8759                 | 0.003381     | 1047.67 | -230179.250583 |
| CTSIUSDT     | 0.00102       | 0.000805    | 0.02355      | 82.08         | 0.01197      | 0.009398    | 0.08855        | 0.9033                 | 0.004137     | 593.83  | -230179.25102  |
| SNXUSDT      | 0.0005997     | 0.0007847   | 0.03506      | 84.92         | 0.01801      | 0.01784     | 0.08676        | 0.6952                 | 0.01187      | 1035.67 | -230179.2506   |
| DENTUSDT     | 0.0003789     | 0.0007296   | 0.02396      | 89.98         | 0.01641      | 0.01566     | 0.03822        | 0.8989                 | 0.004388     | 809.79  | -230179.250379 |
| RVNUSDT      | 0.0004075     | 0.0007228   | 0.02624      | 67.55         | 0.01198      | 0.01159     | 0.08108        | 0.8285                 | 0.006018     | 843.67  | -230179.250408 |
| MATICUSDT    | 0.0002826     | 0.0007112   | 0.02587      | 94.52         | 0.01621      | 0.01245     | 0.03831        | 0.8591                 | 0.004929     | 967.67  | -230179.250283 |
| AXSUSDT      | 0.0003277     | 0.0007009   | 0.01513      | 102.4         | 0.01431      | 0.01542     | 0.07685        | 0.6031                 | 0.01119      | 933.67  | -229539.250328 |
| BCHUSDT      | 0.0003596     | 0.0006882   | 0.03295      | 89.35         | 0.01046      | 0.009138    | 0.06423        | 0.8946                 | 0.005344     | 1257.96 | -230179.25036  |
| STORJUSDT    | 0.0003393     | 0.0006853   | 0.0285       | 95.67         | 0.01664      | 0.01816     | 0.01769        | 0.6948                 | 0.01133      | 1003.67 | -230179.250339 |
| ARBUSDT      | 0.0004676     | 0.0006849   | 0.03777      | 48.5          | 0.01163      | 0.01033     | 0.00547        | 0.9522                 | 0.004103     | 80.33   | -230179.250468 |
| FILUSDT      | 0.0004563     | 0.0006696   | 0.01234      | 80.4          | 0.007638     | 0.006123    | 0.009502       | 0.942                  | 0.001534     | 968.71  | -230179.250456 |
| DYDXUSDT     | 0.00039       | 0.0006217   | 0.02183      | 85.62         | 0.01654      | 0.0187      | 0.07738        | 0.7689                 | 0.01082      | 644.83  | -230179.25039  |
| LRCUSDT      | 0.000313      | 0.0006033   | 0.02647      | 94.73         | 0.01964      | 0.01968     | 0.01292        | 0.8328                 | 0.007716     | 970.67  | -230179.250313 |
| C98USDT      | 0.0003928     | 0.0006006   | 0.0401       | 86.68         | 0.0177       | 0.01489     | 0.1007         | 0.8774                 | 0.007114     | 656.83  | -230105.810188 |
| TRXUSDT      | 0.0003038     | 0.0006005   | 0.04801      | 92.88         | 0.01121      | 0.009978    | 0.07201        | 0.8742                 | 0.005864     | 1248.62 | -230179.250304 |
| ROSEUSDT     | 0.0003477     | 0.0005892   | 0.01934      | 75.85         | 0.01083      | 0.01126     | 0.08187        | 0.8558                 | 0.006985     | 532.83  | -230179.250348 |
| ICXUSDT      | 0.000467      | 0.0005713   | 0.03827      | 69.13         | 0.01722      | 0.01959     | 0.08304        | 0.7633                 | 0.01181      | 1003.67 | -230179.250467 |
| 1000SHIBUSDT | 0.0002265     | 0.0005689   | 0.01458      | 111.8         | 0.01424      | 0.01405     | 0.0            | 0.9263                 | 0.002984     | 762.25  | -228600.916893 |
| QNTUSDT      | 0.0004894     | 0.0005513   | 0.02155      | 61.37         | 0.01093      | 0.00892     | 0.01373        | 0.956                  | 0.002184     | 239.88  | -230179.250489 |
| IOTXUSDT     | 0.0002673     | 0.0005456   | 0.03585      | 104.1         | 0.01604      | 0.01996     | 0.06447        | 0.5389                 | 0.01575      | 673.83  | -229365.916934 |
| BALUSDT      | 0.000392      | 0.0005422   | 0.02273      | 95.93         | 0.01787      | 0.01492     | 0.008619       | 0.955                  | 0.002695     | 1013.67 | -230179.250392 |
| RUNEUSDT     | 0.0001711     | 0.0005301   | 0.02023      | 85.63         | 0.01716      | 0.01096     | 6.735e-05      | 0.9456                 | 0.00193      | 1015.67 | -230179.250171 |
| ARUSDT       | 0.0002599     | 0.0005171   | 0.03196      | 75.23         | 0.01659      | 0.0174      | 0.05571        | 0.8203                 | 0.008573     | 621.83  | -230179.25026  |
| AUDIOUSDT    | 0.0003315     | 0.0004911   | 0.0209       | 109.6         | 0.0186       | 0.01671     | 0.0002082      | 0.8852                 | 0.004426     | 661.83  | -228819.250331 |
| ETHUSDT      | 0.0002695     | 0.0004854   | 0.0307       | 93.85         | 0.01129      | 0.009344    | 0.0546         | 0.908                  | 0.004077     | 1261.96 | -230179.25027  |
| MTLUSDT      | 0.0003731     | 0.0004821   | 0.0249       | 93.08         | 0.017        | 0.01913     | 0.0            | 0.8237                 | 0.009265     | 802.67  | -230179.250373 |
| IMXUSDT      | 0.0002564     | 0.000475    | 0.01417      | 89.35         | 0.01514      | 0.01026     | 0.0001167      | 0.9614                 | 0.001541     | 490.83  | -230179.250256 |
| MKRUSDT      | 0.0003342     | 0.0004407   | 0.03091      | 91.0          | 0.0165       | 0.01878     | 0.05927        | 0.6467                 | 0.01143      | 1035.67 | -230179.250334 |
| BTCUSDT      | 0.0002375     | 0.0003991   | 0.04374      | 173.4         | 0.01372      | 0.008655    | 0.06624        | 0.9099                 | 0.004271     | 1257.96 | -222435.916904 |
| LPTUSDT      | 0.0001891     | 0.0003372   | 0.0179       | 87.4          | 0.01723      | 0.01655     | 0.0            | 0.9472                 | 0.00311      | 578.83  | -230179.250189 |
| BNBUSDT      | 0.0001255     | 0.000271    | 0.02424      | 86.58         | 0.01186      | 0.008653    | 0.0            | 0.9412                 | 0.003003     | 1221.62 | -230179.250126 |
| SXPUSDT      | 0.0001376     | 0.0002662   | 0.01604      | 89.08         | 0.02016      | 0.01663     | 0.02839        | 0.9203                 | 0.003593     | 1057.58 | -230179.093485 |
| KLAYUSDT     | 0.0002239     | 0.0002453   | 0.01488      | 96.68         | 0.01137      | 0.008762    | 0.13           | 0.893                  | 0.003542     | 612.83  | -227113.309043 |
| BLUEBIRDUSDT | 0.000109      | 0.0002226   | 0.05223      | 100.8         | 0.01262      | 0.01281     | 0.07815        | 0.9232                 | 0.007221     | 221.46  | -229700.916776 |
| BTCDOMUSDT   | 3.188e-05     | 5.495e-05   | 0.01897      | 194.2         | 0.01126      | 0.007921    | 0.0            | 0.9911                 | 0.0006321    | 720.83  | -220359.250032 |
| MASKUSDT     | -0.0003687    | 4.485e-06   | 0.08791      | 116.5         | 0.02216      | 0.02384     | 0.9662         | 0.7975                 | 0.01417      | 658.83  | -141470.336975 |
| USDCUSDT     | 9.206e-08     | 9.206e-07   | 0.01817      | 2.567         | 0.01202      | 0.001192    | 0.0            | 0.9997                 | 2.815e-05    | 96.25   | -230179.25     |
| GMTUSDT      | 0.0006268     | -0.0003775  | 0.05887      | 110.6         | 0.009589     | 0.006971    | 1.027          | 0.9461                 | 0.002966     | 458.79  | -135989.472375 |
| GALAUSDT     | -0.0002281    | -0.0009809  | 0.06097      | 107.3         | 0.01006      | 0.007273    | 1.148          | 0.9255                 | 0.003474     | 636.83  | -124238.127476 |
| UNFIUSDT     | -0.005266     | -0.01617    | 0.05599      | 66.82         | 0.01751      | 0.01815     | 0.9822         | 0.7165                 | 0.01261      | 847.67  | -141957.809999 |
+--------------+---------------+-------------+--------------+---------------+--------------+-------------+----------------+------------------------+--------------+---------+----------------+

