# note: symbols with little price history are not optimized on their own; instead the best config from among the symbols with more price history is chosen.

+--------------------------------------------------------------------------------------------------------------------------------------------------------------------------------------------+
|                                                                                            long                                                                                            |
+--------------+---------------+-------------+--------------+---------------+--------------+-------------+----------------+------------------------+--------------+---------+----------------+
| symbol       | adg_w_per_exp | adg_per_exp | exp_rts_mean | hrs_stuck_max | pa_dist_mean | pa_dist_std | loss_profit_rt | eqbal_rt_10_worst_mean | eqbal_rt_std | n_days  | score          |
+--------------+---------------+-------------+--------------+---------------+--------------+-------------+----------------+------------------------+--------------+---------+----------------+
| RNDRUSDT     | 0.00212       | 0.002668    | 0.05369      | 55.1          | 0.009725     | 0.009551    | 0.002514       | 0.9334                 | 0.005811     | 155.89  | -480179.30212  |
| AMBUSDT      | 0.002083      | 0.001617    | 0.06545      | 42.62         | 0.01192      | 0.009822    | 0.0485         | 0.9486                 | 0.005535     | 100.5   | -480179.302083 |
| BLURUSDT     | 0.002033      | 0.001993    | 0.04557      | 50.18         | 0.01086      | 0.009613    | 0.003124       | 0.9861                 | 0.001574     | 71.5    | -480179.302033 |
| GRTUSDT      | 0.001825      | 0.002826    | 0.06979      | 56.93         | 0.01289      | 0.01771     | 0.0338         | 0.7629                 | 0.01224      | 931.71  | -480179.301825 |
| HOTUSDT      | 0.001814      | 0.00242     | 0.06927      | 71.08         | 0.01071      | 0.01227     | 0.01709        | 0.8885                 | 0.007048     | 830.71  | -480179.301814 |
| DENTUSDT     | 0.00177       | 0.002319    | 0.06812      | 57.35         | 0.01278      | 0.0145      | 0.01072        | 0.8503                 | 0.008278     | 836.83  | -480179.30177  |
| HOOKUSDT     | 0.001764      | 0.00182     | 0.04917      | 30.45         | 0.011        | 0.009924    | 0.01746        | 0.9707                 | 0.002272     | 166.87  | -480179.301764 |
| IDUSDT       | 0.001756      | 0.001629    | 0.06894      | 64.77         | 0.01369      | 0.01345     | 0.01235        | 0.9655                 | 0.003876     | 107.39  | -480179.301756 |
| DOGEUSDT     | 0.00173       | 0.003539    | 0.06966      | 66.03         | 0.008664     | 0.01346     | 0.04706        | 0.8375                 | 0.008821     | 1093.62 | -480179.30173  |
| NKNUSDT      | 0.001723      | 0.002302    | 0.06986      | 58.13         | 0.01372      | 0.01592     | 0.01379        | 0.8306                 | 0.01047      | 820.71  | -480179.301723 |
| TOMOUSDT     | 0.001719      | 0.001815    | 0.06966      | 35.48         | 0.01527      | 0.01767     | 0.04453        | 0.8369                 | 0.01303      | 999.71  | -480179.301719 |
| SOLUSDT      | 0.001693      | 0.002395    | 0.06939      | 53.4          | 0.01067      | 0.01532     | 0.02625        | 0.7688                 | 0.0106       | 1027.71 | -480179.301693 |
| RENUSDT      | 0.001692      | 0.001554    | 0.06965      | 55.27         | 0.01851      | 0.01972     | 0.03094        | 0.8067                 | 0.01213      | 998.71  | -480179.301692 |
| CFXUSDT      | 0.001684      | 0.002218    | 0.0509       | 23.2          | 0.01228      | 0.01055     | 0.02469        | 0.9466                 | 0.004202     | 138.39  | -480179.301684 |
| CELRUSDT     | 0.001657      | 0.002505    | 0.06647      | 63.75         | 0.01627      | 0.01544     | 0.05838        | 0.8571                 | 0.008849     | 831.71  | -480179.301657 |
| ATOMUSDT     | 0.001649      | 0.001377    | 0.06795      | 66.72         | 0.01415      | 0.01685     | 0.01886        | 0.7985                 | 0.006781     | 1247.49 | -480179.301649 |
| RDNTUSDT     | 0.001639      | 0.00156     | 0.06797      | 43.33         | 0.01399      | 0.0122      | 0.01267        | 0.9439                 | 0.006479     | 94.5    | -480179.301639 |
| BANDUSDT     | 0.001632      | 0.002029    | 0.06987      | 78.38         | 0.01557      | 0.0181      | 0.01239        | 0.7943                 | 0.01132      | 1074.71 | -480179.301632 |
| LRCUSDT      | 0.001626      | 0.00204     | 0.06904      | 84.28         | 0.01148      | 0.0149      | 0.006436       | 0.8329                 | 0.009441     | 992.7   | -480179.301626 |
| 1000LUNCUSDT | 0.00162       | 0.001841    | 0.04129      | 54.8          | 0.008834     | 0.008368    | 0.02504        | 0.9234                 | 0.004014     | 302.46  | -480179.30162  |
| DGBUSDT      | 0.001593      | 0.001928    | 0.06997      | 47.07         | 0.01321      | 0.0194      | 0.04808        | 0.7685                 | 0.01248      | 808.85  | -480179.301593 |
| RLCUSDT      | 0.00159       | 0.002598    | 0.06446      | 49.62         | 0.01103      | 0.01715     | 0.01021        | 0.8261                 | 0.01209      | 1072.71 | -480179.30159  |
| MTLUSDT      | 0.001572      | 0.001687    | 0.06728      | 60.13         | 0.01625      | 0.0166      | 0.03856        | 0.8099                 | 0.00942      | 829.71  | -480179.301572 |
| OMGUSDT      | 0.001518      | 0.002022    | 0.06604      | 34.52         | 0.01142      | 0.01187     | 0.03697        | 0.8663                 | 0.007584     | 1101.62 | -480179.301518 |
| ZRXUSDT      | 0.001496      | 0.00143     | 0.06832      | 49.92         | 0.01777      | 0.01726     | 0.0589         | 0.8042                 | 0.01025      | 1109.62 | -480179.301496 |
| LINKUSDT     | 0.001495      | 0.001841    | 0.06812      | 75.82         | 0.01266      | 0.01858     | 0.0156         | 0.7719                 | 0.01144      | 1268.66 | -480179.301495 |
| WAVESUSDT    | 0.00149       | 0.001966    | 0.06985      | 29.98         | 0.01267      | 0.0178      | 0.02762        | 0.7788                 | 0.01244      | 1060.71 | -480179.30149  |
| DOTUSDT      | 0.001482      | 0.002243    | 0.06082      | 57.52         | 0.009314     | 0.01314     | 0.005841       | 0.8147                 | 0.008901     | 1050.71 | -480179.301482 |
| CRVUSDT      | 0.001481      | 0.001519    | 0.06104      | 79.68         | 0.01337      | 0.0191      | 0.01144        | 0.7983                 | 0.01137      | 1040.71 | -480179.301481 |
| INJUSDT      | 0.00148       | 0.001581    | 0.0374       | 53.33         | 0.009527     | 0.008137    | 0.03668        | 0.9536                 | 0.002995     | 325.88  | -480179.30148  |
| ALICEUSDT    | 0.00148       | 0.001849    | 0.06904      | 46.85         | 0.01234      | 0.01633     | 0.007001       | 0.8142                 | 0.0101       | 844.87  | -480179.30148  |
| MANAUSDT     | 0.001473      | 0.002266    | 0.06061      | 76.92         | 0.01         | 0.01599     | 0.03324        | 0.7694                 | 0.01078      | 845.71  | -480179.301473 |
| IOSTUSDT     | 0.00147       | 0.001179    | 0.06881      | 48.57         | 0.01673      | 0.01612     | 0.05907        | 0.8209                 | 0.008563     | 1233.66 | -480179.30147  |
| CHZUSDT      | 0.001465      | 0.002191    | 0.05956      | 59.3          | 0.01049      | 0.01721     | 0.009384       | 0.7639                 | 0.009278     | 898.71  | -480179.301465 |
| MAGICUSDT    | 0.001465      | 0.002241    | 0.03633      | 57.32         | 0.009575     | 0.007955    | 0.03276        | 0.9691                 | 0.002286     | 164.87  | -480179.301465 |
| HFTUSDT      | 0.001464      | 0.001362    | 0.06563      | 40.93         | 0.008778     | 0.007831    | 0.05139        | 0.9551                 | 0.004284     | 93.5    | -480179.301464 |
| HIGHUSDT     | 0.001451      | 0.001793    | 0.03843      | 32.75         | 0.01204      | 0.01037     | 0.01135        | 0.9627                 | 0.002714     | 151.89  | -480179.301451 |
| COTIUSDT     | 0.001444      | 0.002305    | 0.05921      | 45.32         | 0.01025      | 0.01279     | 0.04682        | 0.8002                 | 0.008071     | 850.71  | -480179.301444 |
| ALGOUSDT     | 0.001441      | 0.001659    | 0.06592      | 27.32         | 0.01161      | 0.01356     | 0.03529        | 0.8441                 | 0.007852     | 1117.62 | -480179.301441 |
| BELUSDT      | 0.001438      | 0.001613    | 0.0695       | 56.38         | 0.01206      | 0.01888     | 0.06541        | 0.793                  | 0.01216      | 962.71  | -480179.301438 |
| LQTYUSDT     | 0.001437      | 0.001382    | 0.06114      | 40.63         | 0.01421      | 0.01401     | 0.01721        | 0.9648                 | 0.003868     | 120.5   | -480179.301437 |
| MATICUSDT    | 0.001436      | 0.002451    | 0.06706      | 48.35         | 0.01041      | 0.01555     | 0.02496        | 0.8535                 | 0.01079      | 989.71  | -480179.301436 |
| LINAUSDT     | 0.001424      | 0.00144     | 0.05998      | 59.12         | 0.01601      | 0.01991     | 0.03395        | 0.7692                 | 0.01275      | 841.71  | -480179.301424 |
| RVNUSDT      | 0.001422      | 0.002265    | 0.06944      | 37.55         | 0.01073      | 0.01381     | 0.0161         | 0.8084                 | 0.008854     | 865.71  | -480179.301422 |
| SFPUSDT      | 0.001406      | 0.001204    | 0.06984      | 38.05         | 0.01898      | 0.01942     | 0.03453        | 0.8829                 | 0.006726     | 864.71  | -480179.301406 |
| RUNEUSDT     | 0.001372      | 0.002065    | 0.06912      | 56.63         | 0.01187      | 0.01674     | 0.01616        | 0.7871                 | 0.01052      | 1037.7  | -480179.301372 |
| REEFUSDT     | 0.001352      | 0.001548    | 0.06738      | 46.68         | 0.01263      | 0.0194      | 0.05342        | 0.8218                 | 0.01328      | 866.7   | -480179.301352 |
| ICXUSDT      | 0.001346      | 0.001903    | 0.06522      | 23.42         | 0.01091      | 0.01149     | 0.05432        | 0.8312                 | 0.007923     | 1026.71 | -480179.301346 |
| ANKRUSDT     | 0.001342      | 0.001819    | 0.05792      | 65.98         | 0.01023      | 0.0128      | 0.05143        | 0.809                  | 0.008305     | 893.71  | -480179.301342 |
| UNIUSDT      | 0.001342      | 0.001882    | 0.06239      | 56.15         | 0.01029      | 0.01562     | 0.02504        | 0.7819                 | 0.009743     | 1023.71 | -480179.301342 |
| HBARUSDT     | 0.001336      | 0.001711    | 0.06338      | 50.85         | 0.011        | 0.01265     | 0.02256        | 0.8309                 | 0.008052     | 843.71  | -480179.301336 |
| AAVEUSDT     | 0.001333      | 0.001853    | 0.06984      | 79.85         | 0.01442      | 0.01917     | 0.04592        | 0.835                  | 0.0121       | 995.71  | -480179.301333 |
| OPUSDT       | 0.00131       | 0.001918    | 0.05302      | 60.07         | 0.01238      | 0.01198     | 0.02132        | 0.9147                 | 0.006154     | 402.41  | -480179.30131  |
| XRPUSDT      | 0.001305      | 0.001666    | 0.07         | 57.37         | 0.01077      | 0.01077     | 0.01747        | 0.8909                 | 0.005851     | 1279.65 | -480179.301305 |
| MINAUSDT     | 0.001299      | 0.001466    | 0.06423      | 40.4          | 0.007599     | 0.007189    | 0.0221         | 0.9617                 | 0.003632     | 151.54  | -480179.301299 |
| BNXUSDT      | 0.001295      | 0.001264    | 0.04789      | 34.63         | 0.01913      | 0.01734     | 0.05658        | 0.9436                 | 0.004255     | 136.38  | -480179.301295 |
| TUSDT        | 0.00129       | 0.001485    | 0.03869      | 42.1          | 0.007953     | 0.006937    | 0.04569        | 0.9843                 | 0.001361     | 157.46  | -480179.30129  |
| STXUSDT      | 0.001287      | 0.001634    | 0.0638       | 65.82         | 0.01187      | 0.009853    | 0.0174         | 0.9598                 | 0.003748     | 137.39  | -480179.301287 |
| ZENUSDT      | 0.001278      | 0.001882    | 0.06942      | 44.23         | 0.0143       | 0.01784     | 0.06101        | 0.7758                 | 0.01148      | 956.71  | -480179.301278 |
| OGNUSDT      | 0.00126       | 0.001432    | 0.06823      | 52.17         | 0.01966      | 0.01869     | 0.05581        | 0.8457                 | 0.007278     | 828.71  | -480179.30126  |
| OCEANUSDT    | 0.001254      | 0.001656    | 0.06926      | 39.55         | 0.01463      | 0.01768     | 0.01282        | 0.8083                 | 0.01094      | 977.71  | -480179.301254 |
| SPELLUSDT    | 0.001251      | 0.001244    | 0.06306      | 48.0          | 0.009181     | 0.01054     | 0.01408        | 0.9265                 | 0.006807     | 305.5   | -480179.301251 |
| THETAUSDT    | 0.00125       | 0.001914    | 0.06952      | 53.38         | 0.01145      | 0.0159      | 0.02174        | 0.7879                 | 0.01039      | 1137.66 | -480179.30125  |
| FETUSDT      | 0.001245      | 0.001577    | 0.04033      | 53.15         | 0.009262     | 0.00762     | 0.05798        | 0.9608                 | 0.002829     | 172.89  | -480179.301245 |
| SANDUSDT     | 0.001244      | 0.002129    | 0.06907      | 58.97         | 0.01123      | 0.01707     | 0.04384        | 0.7831                 | 0.0115       | 894.71  | -480179.301244 |
| ARBUSDT      | 0.00124       | 0.001489    | 0.06804      | 48.22         | 0.007951     | 0.007857    | 0.001412       | 0.9696                 | 0.002903     | 107.37  | -480179.30124  |
| ETHUSDT      | 0.001224      | 0.001083    | 0.0699       | 64.9          | 0.0123       | 0.0122      | 0.04242        | 0.9017                 | 0.005384     | 1285.0  | -480179.301224 |
| NEARUSDT     | 0.001222      | 0.002084    | 0.06809      | 75.7          | 0.01183      | 0.01393     | 0.06294        | 0.8452                 | 0.009568     | 996.66  | -480179.301222 |
| SKLUSDT      | 0.001218      | 0.002014    | 0.0586       | 46.55         | 0.01371      | 0.01891     | 0.04061        | 0.8066                 | 0.01259      | 942.68  | -480179.301218 |
| EGLDUSDT     | 0.001194      | 0.001647    | 0.06415      | 58.22         | 0.01062      | 0.01616     | 0.01589        | 0.8178                 | 0.01112      | 1027.71 | -480179.301194 |
| SNXUSDT      | 0.001191      | 0.001784    | 0.06137      | 63.23         | 0.01485      | 0.01818     | 0.0189         | 0.8054                 | 0.01212      | 1058.7  | -480179.301191 |
| PHBUSDT      | 0.001188      | 0.001469    | 0.06943      | 42.78         | 0.01085      | 0.01319     | 0.02173        | 0.8885                 | 0.009208     | 142.39  | -480179.301188 |
| FILUSDT      | 0.00117       | 0.00139     | 0.06182      | 57.9          | 0.01004      | 0.01868     | 0.06218        | 0.7942                 | 0.01303      | 995.75  | -480179.30117  |
| ASTRUSDT     | 0.001167      | 0.001562    | 0.06178      | 32.42         | 0.00822      | 0.007424    | 0.001547       | 0.9686                 | 0.00281      | 144.89  | -480179.301167 |
| UNFIUSDT     | 0.001165      | 0.001311    | 0.06555      | 53.68         | 0.01951      | 0.01963     | 0.02283        | 0.818                  | 0.008193     | 869.71  | -480179.301165 |
| ENJUSDT      | 0.001164      | 0.001008    | 0.05817      | 58.7          | 0.01969      | 0.01926     | 0.03293        | 0.8709                 | 0.007038     | 1012.71 | -480179.301164 |
| DASHUSDT     | 0.001161      | 0.001256    | 0.06728      | 46.98         | 0.01532      | 0.01835     | 0.05881        | 0.7752                 | 0.01298      | 1250.66 | -480179.301161 |
| 1000SHIBUSDT | 0.001152      | 0.001845    | 0.05928      | 77.62         | 0.008435     | 0.01064     | 0.01105        | 0.8613                 | 0.006731     | 789.26  | -480179.301152 |
| CTSIUSDT     | 0.001151      | 0.001355    | 0.05376      | 77.23         | 0.01621      | 0.01895     | 0.03805        | 0.8258                 | 0.01215      | 620.85  | -480179.301151 |
| MKRUSDT      | 0.00115       | 0.001379    | 0.06985      | 53.15         | 0.01243      | 0.01649     | 0.03664        | 0.8364                 | 0.0103       | 1059.71 | -480179.30115  |
| KAVAUSDT     | 0.001148      | 0.001138    | 0.06992      | 49.38         | 0.01801      | 0.01935     | 0.05544        | 0.8515                 | 0.01147      | 1075.7  | -480179.301148 |
| BLZUSDT      | 0.001145      | 0.001172    | 0.05799      | 67.1          | 0.01424      | 0.0179      | 0.01098        | 0.7884                 | 0.009648     | 1024.7  | -480179.301145 |
| XMRUSDT      | 0.001143      | 0.001204    | 0.06867      | 42.9          | 0.009158     | 0.009649    | 0.009965       | 0.8856                 | 0.005263     | 1251.66 | -480179.301143 |
| SUSHIUSDT    | 0.001142      | 0.00222     | 0.05055      | 48.63         | 0.009753     | 0.0107      | 0.04214        | 0.887                  | 0.006715     | 1037.71 | -480179.301142 |
| AVAXUSDT     | 0.001138      | 0.001677    | 0.05574      | 58.7          | 0.01222      | 0.01885     | 0.03159        | 0.7662                 | 0.01268      | 1018.71 | -480179.301138 |
| ALPHAUSDT    | 0.001137      | 0.001457    | 0.06986      | 58.6          | 0.01727      | 0.01829     | 0.04238        | 0.7824                 | 0.01133      | 957.71  | -480179.301137 |
| RSRUSDT      | 0.001128      | 0.002007    | 0.04796      | 51.68         | 0.01236      | 0.01956     | 0.03279        | 0.7803                 | 0.0115       | 992.7   | -480179.301128 |
| AXSUSDT      | 0.001104      | 0.001462    | 0.06964      | 90.32         | 0.01629      | 0.01958     | 0.02427        | 0.8389                 | 0.01279      | 960.7   | -480179.301104 |
| FTMUSDT      | 0.001103      | 0.001922    | 0.06443      | 49.87         | 0.01495      | 0.01972     | 0.0338         | 0.7895                 | 0.01388      | 1017.71 | -480179.301103 |
| VETUSDT      | 0.001103      | 0.001056    | 0.07         | 49.45         | 0.01775      | 0.01681     | 0.06382        | 0.8233                 | 0.008639     | 1240.66 | -480179.301103 |
| LITUSDT      | 0.001088      | 0.001393    | 0.05308      | 49.55         | 0.01371      | 0.01704     | 0.01466        | 0.843                  | 0.01093      | 870.71  | -480179.301088 |
| COMPUSDT     | 0.001085      | 0.001504    | 0.06179      | 69.95         | 0.01182      | 0.0193      | 0.01733        | 0.8063                 | 0.01322      | 1103.62 | -480179.301085 |
| CTKUSDT      | 0.00108       | 0.00204     | 0.06995      | 52.2          | 0.0115       | 0.01056     | 0.01223        | 0.8563                 | 0.005504     | 961.71  | -480179.30108  |
| 1INCHUSDT    | 0.001068      | 0.001831    | 0.06822      | 65.83         | 0.01307      | 0.01871     | 0.06784        | 0.771                  | 0.01296      | 925.58  | -480179.301068 |
| TRBUSDT      | 0.001059      | 0.001507    | 0.06806      | 70.15         | 0.0198       | 0.01867     | 0.0622         | 0.821                  | 0.009553     | 1038.71 | -480179.301059 |
| ZILUSDT      | 0.001052      | 0.001801    | 0.03983      | 69.08         | 0.009824     | 0.01363     | 0.02569        | 0.8192                 | 0.007953     | 1115.62 | -480179.301052 |
| EOSUSDT      | 0.001046      | 0.00119     | 0.06998      | 67.02         | 0.01321      | 0.01483     | 0.03706        | 0.859                  | 0.009049     | 1277.66 | -480179.301046 |
| LUNA2USDT    | 0.001033      | 0.0009986   | 0.06509      | 24.9          | 0.01467      | 0.01329     | 0.06784        | 0.9312                 | 0.005403     | 301.87  | -480179.301033 |
| LDOUSDT      | 0.001032      | 0.001053    | 0.06383      | 57.08         | 0.01816      | 0.01686     | 0.04104        | 0.8206                 | 0.009787     | 289.5   | -480179.301032 |
| BATUSDT      | 0.001031      | 0.001036    | 0.06987      | 62.38         | 0.0191       | 0.01808     | 0.0674         | 0.8614                 | 0.01067      | 1241.66 | -480179.301031 |
| ICPUSDT      | 0.001025      | 0.001046    | 0.04066      | 44.88         | 0.007351     | 0.006412    | 0.02137        | 0.9688                 | 0.00219      | 284.89  | -480179.301025 |
| TRXUSDT      | 0.001016      | 0.0008982   | 0.0689       | 42.37         | 0.01124      | 0.01337     | 0.04023        | 0.8778                 | 0.004905     | 1270.66 | -480179.301016 |
| YFIUSDT      | 0.001012      | 0.001638    | 0.06709      | 36.27         | 0.01479      | 0.01447     | 0.07418        | 0.8406                 | 0.009055     | 1041.71 | -480179.301012 |
| APEUSDT      | 0.001003      | 0.001174    | 0.05905      | 56.65         | 0.01116      | 0.01104     | 0.008435       | 0.918                  | 0.006016     | 478.37  | -480179.301003 |
| DEFIUSDT     | 0.001001      | 0.001407    | 0.06213      | 48.7          | 0.01193      | 0.01147     | 0.03995        | 0.9058                 | 0.005535     | 1044.71 | -480179.301001 |
| APTUSDT      | 0.001         | 0.001528    | 0.05251      | 49.63         | 0.008091     | 0.008398    | 0.02512        | 0.9346                 | 0.004906     | 262.92  | -480179.301    |
| STMXUSDT     | 0.0009992     | 0.001257    | 0.06997      | 54.47         | 0.01503      | 0.01751     | 0.03916        | 0.8387                 | 0.01139      | 838.71  | -480179.300999 |
| AGIXUSDT     | 0.0009896     | 0.001697    | 0.06501      | 33.83         | 0.01027      | 0.009019    | 0.007347       | 0.943                  | 0.004893     | 142.4   | -480179.30099  |
| QNTUSDT      | 0.0009805     | 0.0009122   | 0.05945      | 87.65         | 0.0111       | 0.009691    | 0.06909        | 0.9538                 | 0.003506     | 261.89  | -480179.30098  |
| CHRUSDT      | 0.0009773     | 0.001521    | 0.06999      | 81.92         | 0.01443      | 0.01792     | 0.02027        | 0.8329                 | 0.01219      | 848.71  | -480179.300977 |
| ZECUSDT      | 0.0009712     | 0.001098    | 0.06716      | 48.02         | 0.01157      | 0.01384     | 0.04197        | 0.8422                 | 0.008649     | 1249.66 | -480179.300971 |
| BCHUSDT      | 0.0009634     | 0.000898    | 0.06748      | 60.0          | 0.01361      | 0.01452     | 0.03534        | 0.8835                 | 0.00589      | 1285.0  | -480179.300963 |
| JASMYUSDT    | 0.0009574     | 0.001424    | 0.0542       | 61.27         | 0.01062      | 0.009252    | 0.04824        | 0.9356                 | 0.004501     | 444.85  | -480179.300957 |
| PEOPLEUSDT   | 0.0009511     | 0.001209    | 0.04816      | 49.5          | 0.01413      | 0.0137      | 0.01138        | 0.9204                 | 0.004904     | 561.83  | -480179.300951 |
| KSMUSDT      | 0.0009513     | 0.001766    | 0.0594       | 65.95         | 0.01552      | 0.0164      | 0.0882         | 0.8003                 | 0.01018      | 997.71  | -480179.300951 |
| XLMUSDT      | 0.0009262     | 0.001005    | 0.06824      | 67.35         | 0.01479      | 0.01698     | 0.08687        | 0.8194                 | 0.007971     | 1265.66 | -480179.300926 |
| NEOUSDT      | 0.0009213     | 0.0008698   | 0.05896      | 62.87         | 0.01561      | 0.0195      | 0.02622        | 0.7635                 | 0.0107       | 1237.63 | -480179.300921 |
| QTUMUSDT     | 0.0009112     | 0.001051    | 0.05965      | 84.42         | 0.01453      | 0.01827     | 0.02172        | 0.7895                 | 0.01119      | 1234.66 | -480179.300911 |
| XTZUSDT      | 0.0009046     | 0.001124    | 0.06998      | 65.52         | 0.01603      | 0.01543     | 0.03582        | 0.8741                 | 0.009881     | 1248.66 | -480179.300905 |
| TLMUSDT      | 0.000905      | 0.001022    | 0.05796      | 19.33         | 0.008121     | 0.007432    | 0.03936        | 0.9832                 | 0.001725     | 100.48  | -480179.300905 |
| LTCUSDT      | 0.0008994     | 0.001005    | 0.06997      | 50.72         | 0.01408      | 0.01653     | 0.0301         | 0.8012                 | 0.01085      | 1276.66 | -480179.300899 |
| BALUSDT      | 0.0008852     | 0.001028    | 0.06276      | 48.95         | 0.01543      | 0.01861     | 0.02508        | 0.8295                 | 0.01127      | 1040.71 | -480179.300885 |
| ONTUSDT      | 0.0008723     | 0.001082    | 0.06997      | 40.88         | 0.0184       | 0.01958     | 0.07078        | 0.7821                 | 0.01324      | 1243.66 | -480179.300872 |
| CVXUSDT      | 0.000863      | 0.001026    | 0.0684       | 67.43         | 0.01181      | 0.01017     | 0.01832        | 0.957                  | 0.00304      | 289.49  | -480179.300863 |
| ARPAUSDT     | 0.0008534     | 0.0008826   | 0.04264      | 75.02         | 0.01485      | 0.01482     | 0.01235        | 0.9256                 | 0.003899     | 627.85  | -480179.300853 |
| SSVUSDT      | 0.0008364     | 0.000965    | 0.05152      | 39.45         | 0.01668      | 0.01818     | 0.02617        | 0.8917                 | 0.0118       | 134.5   | -480179.300836 |
| BLUEBIRDUSDT | 0.0008235     | 0.0008523   | 0.05318      | 44.3          | 0.007189     | 0.007221    | 0.0432         | 0.9809                 | 0.001431     | 248.5   | -480179.300824 |
| FOOTBALLUSDT | 0.0007976     | 0.0009994   | 0.03361      | 44.83         | 0.008586     | 0.007295    | 0.01723        | 0.9594                 | 0.002314     | 310.87  | -480179.300798 |
| STORJUSDT    | 0.0007858     | 0.001327    | 0.06932      | 67.43         | 0.01855      | 0.01804     | 0.08342        | 0.8083                 | 0.0107       | 1025.7  | -480179.300786 |
| SXPUSDT      | 0.0007819     | 0.001258    | 0.04488      | 55.28         | 0.01084      | 0.01529     | 0.0834         | 0.8281                 | 0.009343     | 1082.62 | -480179.300782 |
| ETCUSDT      | 0.000772      | 0.001251    | 0.06935      | 79.6          | 0.01448      | 0.01875     | 0.05823        | 0.7737                 | 0.01326      | 1269.66 | -480179.300772 |
| KNCUSDT      | 0.0007661     | 0.001251    | 0.06017      | 51.12         | 0.01354      | 0.0188      | 0.03651        | 0.8182                 | 0.01293      | 1111.63 | -480179.300766 |
| IOTAUSDT     | 0.0007614     | 0.001007    | 0.06789      | 56.02         | 0.01779      | 0.0168      | 0.074          | 0.8141                 | 0.009028     | 1242.66 | -480179.300761 |
| IMXUSDT      | 0.0007463     | 0.001232    | 0.03649      | 23.97         | 0.007515     | 0.008522    | 0.01121        | 0.9091                 | 0.00518      | 512.85  | -480179.300746 |
| GALAUSDT     | 0.000731      | 0.001216    | 0.04347      | 47.8          | 0.008014     | 0.01139     | 0.07124        | 0.8844                 | 0.008413     | 658.85  | -480179.300731 |
| PERPUSDT     | 0.0007146     | 0.001135    | 0.0698       | 43.32         | 0.008865     | 0.008254    | 0.02219        | 0.9484                 | 0.004462     | 124.5   | -480179.300715 |
| ONEUSDT      | 0.0006825     | 0.001421    | 0.04116      | 47.22         | 0.00859      | 0.01202     | 0.05952        | 0.8562                 | 0.008377     | 842.71  | -480179.300683 |
| BNBUSDT      | 0.0006802     | 0.0009406   | 0.06997      | 85.53         | 0.01363      | 0.01289     | 0.03676        | 0.8657                 | 0.006444     | 1244.66 | -480179.30068  |
| XEMUSDT      | 0.0006661     | 0.001017    | 0.05308      | 33.03         | 0.009593     | 0.01829     | 0.03338        | 0.823                  | 0.01208      | 857.71  | -480179.300666 |
| CELOUSDT     | 0.0006663     | 0.0007415   | 0.05036      | 64.55         | 0.01303      | 0.01516     | 0.01774        | 0.8393                 | 0.009358     | 649.85  | -480179.300666 |
| ROSEUSDT     | 0.0006624     | 0.001042    | 0.04643      | 23.82         | 0.007781     | 0.01189     | 0.01896        | 0.8635                 | 0.007694     | 554.85  | -480179.300662 |
| WOOUSDT      | 0.0006542     | 0.0008025   | 0.03031      | 53.87         | 0.01103      | 0.009665    | 0.006472       | 0.9307                 | 0.003963     | 456.85  | -480179.300654 |
| CKBUSDT      | 0.000653      | 0.0009169   | 0.05011      | 48.83         | 0.007911     | 0.006987    | 0.01358        | 0.958                  | 0.003965     | 130.5   | -480179.300653 |
| ANTUSDT      | 0.0006482     | 0.001001    | 0.03394      | 68.28         | 0.01392      | 0.01287     | 0.009665       | 0.9238                 | 0.003123     | 558.83  | -480179.300648 |
| GALUSDT      | 0.0006337     | 0.001382    | 0.03497      | 40.87         | 0.007227     | 0.006651    | 0.03269        | 0.9431                 | 0.003424     | 429.41  | -480179.300634 |
| ATAUSDT      | 0.0006213     | 0.0009452   | 0.03635      | 54.67         | 0.01685      | 0.01391     | 0.08647        | 0.9162                 | 0.003598     | 676.85  | -480179.300621 |
| DUSKUSDT     | 0.0005911     | 0.0008099   | 0.05774      | 49.0          | 0.01342      | 0.01321     | 0.01696        | 0.9013                 | 0.007977     | 547.85  | -480179.300591 |
| FLMUSDT      | 0.0005797     | 0.0008757   | 0.06816      | 55.05         | 0.01978      | 0.01825     | 0.07487        | 0.8546                 | 0.01068      | 1012.71 | -480179.30058  |
| API3USDT     | 0.000557      | 0.0008073   | 0.04436      | 46.73         | 0.01142      | 0.009767    | 0.005061       | 0.9425                 | 0.00308      | 501.85  | -480179.300557 |
| ADAUSDT      | 0.000489      | 0.0006882   | 0.05245      | 73.22         | 0.01237      | 0.01418     | 0.03229        | 0.8842                 | 0.009739     | 1254.66 | -480179.300489 |
| GMXUSDT      | 0.0004855     | 0.0009037   | 0.05815      | 34.85         | 0.009694     | 0.008055    | 0.0206         | 0.9636                 | 0.003276     | 141.39  | -480179.300486 |
| STGUSDT      | 0.0004512     | 0.0006531   | 0.06301      | 71.92         | 0.01424      | 0.018       | 0.03346        | 0.869                  | 0.01318      | 317.5   | -480179.300451 |
| LEVERUSDT    | 0.0004464     | 0.0008646   | 0.05973      | 44.67         | 0.01737      | 0.01438     | 0.05461        | 0.9655                 | 0.004455     | 100.49  | -480179.300446 |
| ARUSDT       | 0.0004342     | 0.00063     | 0.05098      | 51.43         | 0.01844      | 0.01638     | 0.08372        | 0.9121                 | 0.007357     | 648.85  | -480179.300434 |
| ENSUSDT      | 0.0003728     | 0.0007926   | 0.0557       | 50.08         | 0.01201      | 0.01292     | 0.03976        | 0.9058                 | 0.008566     | 585.85  | -480179.300373 |
| BTCUSDT      | 0.0003077     | 0.0003869   | 0.05407      | 84.42         | 0.008382     | 0.01025     | 0.04223        | 0.8806                 | 0.006386     | 1285.0  | -480179.300308 |
| COCOSUSDT    | 0.0002165     | 0.001381    | 0.039        | 23.58         | 0.008418     | 0.009044    | 0.02344        | 0.9815                 | 0.001826     | 137.38  | -480179.300216 |
| USDCUSDT     | 1.758e-08     | 1.758e-07   | 2.084e-05    | 22.17         | 0.002483     | 9.214e-05   | 0.0            | 1.0                    | 5.875e-07    | 118.29  | -480179.3      |
| MASKUSDT     | 0.0004012     | 0.0008062   | 0.05571      | 55.68         | 0.02002      | 0.01969     | 0.06587        | 0.8054                 | 0.01133      | 680.85  | -480179.276089 |
| BTCDOMUSDT   | 0.0001422     | 0.000318    | 0.0745       | 78.13         | 0.007822     | 0.006564    | 0.09196        | 0.9676                 | 0.002943     | 747.85  | -480179.255095 |
| AUDIOUSDT    | 0.0005334     | 0.0008076   | 0.08991      | 43.97         | 0.0154       | 0.0171      | 0.04353        | 0.8682                 | 0.01296      | 688.85  | -480179.101426 |
| TRUUSDT      | 0.0002853     | 0.0006763   | 0.04873      | 52.63         | 0.0203       | 0.01649     | 0.09588        | 0.9634                 | 0.003991     | 123.5   | -480179.000863 |
| 1000XECUSDT  | 0.000669      | 0.0009285   | 0.08892      | 67.55         | 0.01676      | 0.02173     | 0.06987        | 0.778                  | 0.01635      | 659.85  | -480161.853514 |
| DARUSDT      | 0.000522      | 0.0007451   | 0.06926      | 40.8          | 0.01445      | 0.02292     | 0.04531        | 0.8131                 | 0.01651      | 435.85  | -480150.058392 |
| DYDXUSDT     | 0.0006418     | 0.0008867   | 0.0585       | 51.68         | 0.01656      | 0.02474     | 0.03155        | 0.7925                 | 0.01719      | 666.85  | -480131.901033 |
| XVSUSDT      | 0.0005203     | 0.0008312   | 0.1749       | 41.33         | 0.02039      | 0.02728     | 0.1033         | 0.8704                 | 0.02346      | 86.89   | -479776.025319 |
| IOTXUSDT     | 0.0006581     | 0.0008183   | 0.07494      | 50.48         | 0.02185      | 0.03145     | 0.1199         | 0.7614                 | 0.02109      | 695.85  | -478076.810932 |
| FXSUSDT      | 0.0004345     | 0.000463    | 0.06747      | 47.28         | 0.02107      | 0.02593     | 0.1554         | 0.7981                 | 0.01768      | 169.87  | -474574.146437 |
| ACHUSDT      | 0.0007339     | 0.001223    | 0.06976      | 60.75         | 0.01678      | 0.02582     | 0.1622         | 0.8625                 | 0.02034      | 136.39  | -473901.070035 |
| LPTUSDT      | 0.0009523     | 0.001171    | 0.1069       | 86.9          | 0.02239      | 0.03503     | 0.1473         | 0.785                  | 0.02541      | 604.85  | -471196.528818 |
| KLAYUSDT     | 0.0003217     | 0.0006607   | 0.09957      | 65.27         | 0.01736      | 0.0267      | 0.3533         | 0.783                  | 0.01966      | 634.85  | -454782.189239 |
| GTCUSDT      | 0.0009905     | 0.001244    | 0.1681       | 55.6          | 0.02615      | 0.03448     | 0.1895         | 0.7245                 | 0.02657      | 757.85  | -429824.26391  |
| GMTUSDT      | 0.0004448     | 0.0006835   | 0.1178       | 87.83         | 0.02593      | 0.03828     | 0.2004         | 0.7538                 | 0.02935      | 480.83  | -426431.568462 |
| FLOWUSDT     | 0.0004111     | 0.000715    | 0.09825      | 61.22         | 0.02144      | 0.03508     | 0.2339         | 0.7161                 | 0.02579      | 513.85  | -424916.49299  |
| C98USDT      | 0.0003998     | 0.0005382   | 0.09841      | 53.55         | 0.0254       | 0.03658     | 0.2352         | 0.7166                 | 0.02739      | 683.85  | -409181.596228 |
| JOEUSDT      | 0.0001416     | 0.0004246   | 0.1364       | 41.97         | 0.02959      | 0.03717     | 0.3329         | 0.8388                 | 0.03086      | 101.49  | -398089.118964 |
| BAKEUSDT     | 0.0005111     | 0.0006917   | 0.103        | 55.45         | 0.02743      | 0.04175     | 0.201          | 0.7279                 | 0.03166      | 780.71  | -381230.823668 |
+--------------+---------------+-------------+--------------+---------------+--------------+-------------+----------------+------------------------+--------------+---------+----------------+

+--------------------------------------------------------------------------------------------------------------------------------------------------------------------------------------------+
|                                                                                           short                                                                                            |
+--------------+---------------+-------------+--------------+---------------+--------------+-------------+----------------+------------------------+--------------+---------+----------------+
| symbol       | adg_w_per_exp | adg_per_exp | exp_rts_mean | hrs_stuck_max | pa_dist_mean | pa_dist_std | loss_profit_rt | eqbal_rt_10_worst_mean | eqbal_rt_std | n_days  | score          |
+--------------+---------------+-------------+--------------+---------------+--------------+-------------+----------------+------------------------+--------------+---------+----------------+
| XVSUSDT      | 0.003243      | 0.001499    | 0.0455       | 86.0          | 0.009514     | 0.00741     | 0.01047        | 0.9648                 | 0.002815     | 86.89   | -230179.303243 |
| AGIXUSDT     | 0.002893      | 0.002046    | 0.05026      | 37.82         | 0.0148       | 0.01231     | 0.02957        | 0.9692                 | 0.002791     | 142.4   | -230179.302893 |
| CHZUSDT      | 0.002647      | 0.002554    | 0.06919      | 50.82         | 0.009572     | 0.009552    | 0.01787        | 0.9198                 | 0.004189     | 898.71  | -230179.302647 |
| TRUUSDT      | 0.002624      | 0.00304     | 0.05863      | 78.73         | 0.009127     | 0.01673     | 0.04005        | 0.8112                 | 0.01514      | 123.5   | -230179.302624 |
| RENUSDT      | 0.002575      | 0.002262    | 0.06993      | 51.73         | 0.01704      | 0.01775     | 0.03303        | 0.7454                 | 0.01468      | 998.71  | -230179.302575 |
| PHBUSDT      | 0.002469      | 0.001075    | 0.03808      | 80.07         | 0.01875      | 0.0166      | 0.08069        | 0.9489                 | 0.004229     | 142.39  | -230179.302469 |
| OGNUSDT      | 0.00242       | 0.002146    | 0.06763      | 80.35         | 0.01074      | 0.01149     | 0.002266       | 0.8908                 | 0.004887     | 828.71  | -230179.30242  |
| LEVERUSDT    | 0.002408      | 0.001277    | 0.06201      | 83.3          | 0.0112       | 0.009587    | 0.01898        | 0.9384                 | 0.005194     | 100.49  | -230179.302408 |
| CTKUSDT      | 0.002392      | 0.001557    | 0.07         | 90.8          | 0.01558      | 0.01796     | 0.004169       | 0.9134                 | 0.004284     | 961.71  | -230179.302392 |
| TOMOUSDT     | 0.002385      | 0.002108    | 0.07         | 68.22         | 0.01326      | 0.01786     | 0.01528        | 0.825                  | 0.01561      | 999.71  | -230179.302385 |
| SUSHIUSDT    | 0.002333      | 0.002224    | 0.06942      | 54.77         | 0.01265      | 0.01528     | 0.01781        | 0.7088                 | 0.01173      | 1037.71 | -230179.302333 |
| RLCUSDT      | 0.002248      | 0.002122    | 0.06848      | 66.82         | 0.0158       | 0.01609     | 0.01606        | 0.8512                 | 0.00884      | 1072.71 | -230179.302248 |
| PERPUSDT     | 0.002244      | 0.001035    | 0.04496      | 35.12         | 0.01329      | 0.01126     | 0.08188        | 0.9567                 | 0.003755     | 124.5   | -230179.302244 |
| OCEANUSDT    | 0.002211      | 0.002471    | 0.06844      | 60.88         | 0.0121       | 0.0145      | 0.04864        | 0.7959                 | 0.01257      | 977.71  | -230179.302211 |
| SFPUSDT      | 0.002184      | 0.001893    | 0.06984      | 85.4          | 0.01376      | 0.01965     | 0.007061       | 0.635                  | 0.01182      | 864.71  | -230179.302184 |
| BLURUSDT     | 0.002168      | 0.002344    | 0.03323      | 49.35         | 0.006651     | 0.008425    | 0.02925        | 0.942                  | 0.005257     | 71.5    | -230179.302168 |
| ANKRUSDT     | 0.002117      | 0.003134    | 0.06967      | 69.23         | 0.01096      | 0.01345     | 0.005971       | 0.7779                 | 0.01108      | 893.71  | -230179.302117 |
| LITUSDT      | 0.002103      | 0.002477    | 0.07         | 67.95         | 0.01458      | 0.0126      | 0.01948        | 0.8645                 | 0.006413     | 870.71  | -230179.302103 |
| CHRUSDT      | 0.002097      | 0.002234    | 0.0694       | 87.0          | 0.01322      | 0.01358     | 0.006877       | 0.8403                 | 0.007665     | 848.71  | -230179.302097 |
| SSVUSDT      | 0.002084      | 0.002214    | 0.06601      | 78.55         | 0.01084      | 0.01004     | 0.002853       | 0.9129                 | 0.00729      | 134.5   | -230179.302084 |
| BANDUSDT     | 0.002079      | 0.001836    | 0.06601      | 73.3          | 0.01276      | 0.0144      | 0.05149        | 0.8595                 | 0.007879     | 1074.71 | -230179.302079 |
| HIGHUSDT     | 0.002074      | 0.001548    | 0.04642      | 55.83         | 0.01432      | 0.01221     | 0.01704        | 0.9302                 | 0.005094     | 151.89  | -230179.302074 |
| SANDUSDT     | 0.002038      | 0.001917    | 0.06795      | 64.62         | 0.01268      | 0.0147      | 0.02427        | 0.8558                 | 0.008962     | 894.71  | -230179.302038 |
| LQTYUSDT     | 0.002031      | 0.001838    | 0.05236      | 24.03         | 0.009881     | 0.01167     | 0.03047        | 0.8965                 | 0.008213     | 120.5   | -230179.302031 |
| CELRUSDT     | 0.002016      | 0.002552    | 0.06943      | 58.12         | 0.01201      | 0.01681     | 0.01149        | 0.7232                 | 0.01436      | 831.71  | -230179.302016 |
| CKBUSDT      | 0.002004      | 0.001605    | 0.05499      | 33.98         | 0.01121      | 0.009002    | 0.01945        | 0.9771                 | 0.002345     | 130.5   | -230179.302004 |
| ACHUSDT      | 0.002001      | 0.001983    | 0.05736      | 25.85         | 0.009122     | 0.009327    | 0.01845        | 0.9779                 | 0.002125     | 136.39  | -230179.302001 |
| MTLUSDT      | 0.001984      | 0.00174     | 0.06918      | 49.65         | 0.01369      | 0.01933     | 0.02188        | 0.6701                 | 0.0191       | 829.71  | -230179.301984 |
| REEFUSDT     | 0.001977      | 0.002171    | 0.06986      | 85.77         | 0.009902     | 0.01285     | 0.008962       | 0.8362                 | 0.01018      | 866.7   | -230179.301977 |
| 1000LUNCUSDT | 0.001972      | 0.002432    | 0.05149      | 44.3          | 0.007948     | 0.01629     | 0.04823        | 0.7863                 | 0.01437      | 302.46  | -230179.301972 |
| TRBUSDT      | 0.001961      | 0.002662    | 0.06999      | 56.52         | 0.01543      | 0.01732     | 0.005533       | 0.7337                 | 0.01327      | 1038.71 | -230179.301961 |
| NKNUSDT      | 0.001961      | 0.00282     | 0.06989      | 66.45         | 0.01558      | 0.01974     | 0.04591        | 0.6997                 | 0.01785      | 820.71  | -230179.301961 |
| JOEUSDT      | 0.00196       | 0.0009455   | 0.0564       | 70.13         | 0.01831      | 0.01701     | 0.09059        | 0.9248                 | 0.006918     | 101.49  | -230179.30196  |
| LINAUSDT     | 0.001953      | 0.001505    | 0.03934      | 67.98         | 0.01378      | 0.01946     | 0.04269        | 0.6662                 | 0.01673      | 841.71  | -230179.301953 |
| RDNTUSDT     | 0.001947      | 0.002177    | 0.04476      | 30.83         | 0.008806     | 0.008487    | 0.01145        | 0.9863                 | 0.001407     | 94.5    | -230179.301947 |
| MINAUSDT     | 0.001932      | 0.001534    | 0.04802      | 77.88         | 0.01078      | 0.01064     | 0.003345       | 0.9615                 | 0.00261      | 151.54  | -230179.301932 |
| ZENUSDT      | 0.001923      | 0.001809    | 0.06955      | 61.62         | 0.01573      | 0.01498     | 0.01762        | 0.8573                 | 0.007489     | 956.71  | -230179.301923 |
| HOTUSDT      | 0.001906      | 0.001728    | 0.07         | 67.83         | 0.01285      | 0.01485     | 0.01402        | 0.8094                 | 0.007614     | 830.71  | -230179.301906 |
| ICXUSDT      | 0.001905      | 0.001797    | 0.06994      | 61.6          | 0.01596      | 0.01587     | 0.05837        | 0.6899                 | 0.01218      | 1026.71 | -230179.301905 |
| ALICEUSDT    | 0.001903      | 0.002082    | 0.06995      | 56.4          | 0.01457      | 0.0146      | 0.0233         | 0.8321                 | 0.009483     | 844.87  | -230179.301903 |
| GALUSDT      | 0.001896      | 0.001665    | 0.04798      | 59.13         | 0.01273      | 0.01222     | 0.01642        | 0.8962                 | 0.006016     | 429.41  | -230179.301896 |
| COTIUSDT     | 0.00187       | 0.001751    | 0.06998      | 43.43         | 0.01445      | 0.0144      | 0.01068        | 0.8648                 | 0.007345     | 850.71  | -230179.30187  |
| GRTUSDT      | 0.001862      | 0.002467    | 0.06931      | 46.52         | 0.01451      | 0.01783     | 0.02848        | 0.702                  | 0.01676      | 931.71  | -230179.301862 |
| BLZUSDT      | 0.001842      | 0.002342    | 0.06964      | 85.52         | 0.01379      | 0.01502     | 0.04208        | 0.7891                 | 0.012        | 1024.7  | -230179.301842 |
| CRVUSDT      | 0.001815      | 0.002287    | 0.06998      | 50.83         | 0.01245      | 0.01781     | 0.02752        | 0.6867                 | 0.01606      | 1040.71 | -230179.301815 |
| SKLUSDT      | 0.001804      | 0.001932    | 0.06963      | 81.98         | 0.01387      | 0.01904     | 0.01936        | 0.7505                 | 0.0159       | 942.68  | -230179.301804 |
| ALPHAUSDT    | 0.001779      | 0.00189     | 0.06468      | 51.78         | 0.01585      | 0.01493     | 0.0201         | 0.7823                 | 0.00983      | 957.71  | -230179.301779 |
| ASTRUSDT     | 0.001754      | 0.001603    | 0.06015      | 49.37         | 0.00828      | 0.008708    | 0.0007034      | 0.9702                 | 0.002772     | 144.89  | -230179.301754 |
| HOOKUSDT     | 0.001748      | 0.001677    | 0.06788      | 35.07         | 0.01527      | 0.01899     | 0.02557        | 0.8343                 | 0.01711      | 166.87  | -230179.301748 |
| DENTUSDT     | 0.001732      | 0.001518    | 0.0699       | 46.07         | 0.0146       | 0.01726     | 0.03816        | 0.7611                 | 0.0147       | 836.83  | -230179.301732 |
| MANAUSDT     | 0.001721      | 0.001505    | 0.06918      | 29.18         | 0.0139       | 0.01615     | 0.01813        | 0.76                   | 0.00931      | 845.71  | -230179.301721 |
| ENJUSDT      | 0.001705      | 0.002025    | 0.06805      | 50.8          | 0.0146       | 0.01569     | 0.03171        | 0.7351                 | 0.01177      | 1012.71 | -230179.301705 |
| YFIUSDT      | 0.001703      | 0.001685    | 0.0691       | 74.42         | 0.01395      | 0.01854     | 0.00989        | 0.7477                 | 0.01335      | 1041.71 | -230179.301703 |
| COMPUSDT     | 0.001698      | 0.001506    | 0.06999      | 61.23         | 0.01609      | 0.01792     | 0.01011        | 0.8129                 | 0.009113     | 1103.62 | -230179.301698 |
| SPELLUSDT    | 0.001676      | 0.001347    | 0.06831      | 36.55         | 0.009439     | 0.008646    | 0.03211        | 0.9617                 | 0.00264      | 305.5   | -230179.301676 |
| RSRUSDT      | 0.001666      | 0.002296    | 0.06992      | 39.83         | 0.01339      | 0.01826     | 0.0114         | 0.779                  | 0.01638      | 992.7   | -230179.301666 |
| ZRXUSDT      | 0.001666      | 0.002021    | 0.06999      | 57.02         | 0.01234      | 0.01414     | 0.0363         | 0.7415                 | 0.01137      | 1109.62 | -230179.301666 |
| JASMYUSDT    | 0.001658      | 0.001932    | 0.06731      | 52.15         | 0.01203      | 0.01312     | 0.00837        | 0.8654                 | 0.009098     | 444.85  | -230179.301658 |
| BELUSDT      | 0.001639      | 0.001652    | 0.06983      | 63.52         | 0.01815      | 0.01919     | 0.049          | 0.6697                 | 0.0142       | 962.71  | -230179.301639 |
| FLMUSDT      | 0.001637      | 0.002151    | 0.06994      | 83.3          | 0.01596      | 0.01807     | 0.03287        | 0.5012                 | 0.01666      | 1012.71 | -230179.301637 |
| FETUSDT      | 0.001622      | 0.001349    | 0.04477      | 41.23         | 0.01563      | 0.01434     | 0.01236        | 0.9498                 | 0.00379      | 172.89  | -230179.301622 |
| AVAXUSDT     | 0.001622      | 0.002157    | 0.06896      | 78.58         | 0.01288      | 0.01753     | 0.005788       | 0.7156                 | 0.01492      | 1018.71 | -230179.301622 |
| SNXUSDT      | 0.001611      | 0.001537    | 0.06959      | 58.23         | 0.01566      | 0.01946     | 0.008193       | 0.74                   | 0.01427      | 1058.7  | -230179.301611 |
| KAVAUSDT     | 0.001584      | 0.001795    | 0.06661      | 59.47         | 0.01576      | 0.01965     | 0.0625         | 0.684                  | 0.01614      | 1075.7  | -230179.301584 |
| XEMUSDT      | 0.001575      | 0.002052    | 0.06974      | 56.73         | 0.008326     | 0.01129     | 0.01453        | 0.7711                 | 0.009937     | 857.71  | -230179.301575 |
| STORJUSDT    | 0.001567      | 0.00139     | 0.06947      | 39.62         | 0.01758      | 0.01868     | 0.03885        | 0.7683                 | 0.01021      | 1025.7  | -230179.301567 |
| GMXUSDT      | 0.001563      | 0.00108     | 0.0606       | 60.7          | 0.01272      | 0.01291     | 0.01875        | 0.9728                 | 0.002806     | 141.39  | -230179.301563 |
| ONEUSDT      | 0.001545      | 0.001497    | 0.06996      | 49.3          | 0.01468      | 0.0167      | 0.01434        | 0.7929                 | 0.01149      | 842.71  | -230179.301545 |
| HFTUSDT      | 0.001543      | 0.001552    | 0.04609      | 48.1          | 0.007359     | 0.00678     | 0.0008909      | 0.9672                 | 0.002577     | 93.5    | -230179.301543 |
| ONTUSDT      | 0.001534      | 0.001936    | 0.06995      | 55.15         | 0.01212      | 0.0181      | 0.03964        | 0.6634                 | 0.01763      | 1243.66 | -230179.301534 |
| CTSIUSDT     | 0.001522      | 0.001826    | 0.06606      | 81.88         | 0.01227      | 0.01814     | 0.01804        | 0.7808                 | 0.01587      | 620.85  | -230179.301522 |
| TUSDT        | 0.001519      | 0.001211    | 0.06965      | 38.57         | 0.008664     | 0.0105      | 0.02938        | 0.9125                 | 0.006746     | 157.46  | -230179.301519 |
| AMBUSDT      | 0.001507      | 0.001829    | 0.03158      | 49.02         | 0.00862      | 0.007995    | 0.001812       | 0.9725                 | 0.002104     | 100.5   | -230179.301507 |
| BNXUSDT      | 0.001504      | 0.001833    | 0.04052      | 59.7          | 0.007894     | 0.007335    | 0.001664       | 0.9628                 | 0.002536     | 136.38  | -230179.301504 |
| UNIUSDT      | 0.001501      | 0.001543    | 0.06951      | 52.77         | 0.009037     | 0.01046     | 0.006649       | 0.8644                 | 0.007304     | 1023.71 | -230179.301501 |
| DGBUSDT      | 0.001497      | 0.001401    | 0.06954      | 40.45         | 0.01158      | 0.01079     | 0.05219        | 0.8665                 | 0.006474     | 808.85  | -230179.301497 |
| BATUSDT      | 0.001478      | 0.001512    | 0.06999      | 59.77         | 0.01527      | 0.01414     | 0.02139        | 0.811                  | 0.007187     | 1241.66 | -230179.301478 |
| ENSUSDT      | 0.001472      | 0.001581    | 0.0684       | 80.53         | 0.01155      | 0.01493     | 0.0123         | 0.8404                 | 0.01159      | 585.85  | -230179.301472 |
| KNCUSDT      | 0.001467      | 0.001753    | 0.06691      | 47.72         | 0.01674      | 0.01644     | 0.06817        | 0.7804                 | 0.01367      | 1111.63 | -230179.301467 |
| SXPUSDT      | 0.001455      | 0.001218    | 0.05524      | 70.47         | 0.02         | 0.01913     | 0.07301        | 0.8441                 | 0.007828     | 1082.62 | -230179.301455 |
| RVNUSDT      | 0.001451      | 0.001258    | 0.06421      | 56.57         | 0.01477      | 0.01634     | 0.01551        | 0.826                  | 0.01044      | 865.71  | -230179.301451 |
| IOSTUSDT     | 0.001441      | 0.001379    | 0.06997      | 75.73         | 0.01408      | 0.0162      | 0.01011        | 0.8213                 | 0.00819      | 1233.66 | -230179.301441 |
| OMGUSDT      | 0.001432      | 0.001956    | 0.06407      | 26.08         | 0.01157      | 0.01486     | 0.0322         | 0.7888                 | 0.01388      | 1101.62 | -230179.301432 |
| NEOUSDT      | 0.001416      | 0.00161     | 0.06841      | 83.87         | 0.01187      | 0.01193     | 0.0391         | 0.8549                 | 0.009604     | 1237.63 | -230179.301416 |
| ATOMUSDT     | 0.001413      | 0.002115    | 0.06998      | 64.68         | 0.009624     | 0.01383     | 0.0466         | 0.8269                 | 0.01157      | 1247.49 | -230179.301413 |
| LUNA2USDT    | 0.001405      | 0.001689    | 0.04726      | 41.37         | 0.009322     | 0.01045     | 0.005373       | 0.9045                 | 0.005879     | 301.87  | -230179.301405 |
| NEARUSDT     | 0.001399      | 0.00204     | 0.05924      | 53.35         | 0.01412      | 0.01604     | 0.0254         | 0.8052                 | 0.01211      | 996.66  | -230179.301399 |
| STMXUSDT     | 0.001399      | 0.001933    | 0.06633      | 49.82         | 0.01097      | 0.01194     | 0.02855        | 0.8058                 | 0.009306     | 838.71  | -230179.301399 |
| FLOWUSDT     | 0.001396      | 0.001152    | 0.06645      | 72.6          | 0.01252      | 0.01271     | 0.009047       | 0.9322                 | 0.005328     | 513.85  | -230179.301396 |
| HBARUSDT     | 0.001384      | 0.003163    | 0.06871      | 62.72         | 0.008152     | 0.01397     | 0.05345        | 0.7402                 | 0.01238      | 843.71  | -230179.301384 |
| LRCUSDT      | 0.001382      | 0.00158     | 0.06998      | 25.08         | 0.01508      | 0.01794     | 0.0686         | 0.6909                 | 0.01594      | 992.7   | -230179.301382 |
| 1INCHUSDT    | 0.001377      | 0.00142     | 0.06998      | 50.55         | 0.01471      | 0.01462     | 0.02879        | 0.819                  | 0.009276     | 925.58  | -230179.301377 |
| UNFIUSDT     | 0.001369      | 0.001421    | 0.0693       | 25.67         | 0.01541      | 0.01941     | 0.03016        | 0.6674                 | 0.01156      | 869.71  | -230179.301369 |
| FXSUSDT      | 0.001367      | 0.001546    | 0.06006      | 63.23         | 0.01534      | 0.01286     | 0.04181        | 0.9517                 | 0.004548     | 169.87  | -230179.301367 |
| CELOUSDT     | 0.001356      | 0.001471    | 0.05945      | 79.98         | 0.01149      | 0.01413     | 0.01533        | 0.7998                 | 0.01127      | 649.85  | -230179.301356 |
| IOTAUSDT     | 0.001349      | 0.001848    | 0.06997      | 71.9          | 0.007633     | 0.01193     | 0.003546       | 0.8223                 | 0.009291     | 1242.66 | -230179.301349 |
| ATAUSDT      | 0.00134       | 0.001231    | 0.06196      | 72.03         | 0.01667      | 0.01698     | 0.05223        | 0.9229                 | 0.00422      | 676.85  | -230179.30134  |
| KSMUSDT      | 0.001331      | 0.001249    | 0.06986      | 73.4          | 0.01684      | 0.01737     | 0.03265        | 0.8643                 | 0.01035      | 997.71  | -230179.301331 |
| ARPAUSDT     | 0.00133       | 0.001245    | 0.06181      | 56.63         | 0.01074      | 0.01176     | 0.02187        | 0.8665                 | 0.007279     | 627.85  | -230179.30133  |
| DEFIUSDT     | 0.001328      | 0.001128    | 0.07         | 54.92         | 0.01632      | 0.01665     | 0.03387        | 0.8929                 | 0.005859     | 1044.71 | -230179.301328 |
| TLMUSDT      | 0.001327      | 0.001299    | 0.04566      | 37.87         | 0.006816     | 0.006173    | 0.006837       | 0.9884                 | 0.00109      | 100.48  | -230179.301327 |
| DOTUSDT      | 0.00132       | 0.001461    | 0.06908      | 41.42         | 0.008687     | 0.01061     | 0.02177        | 0.8551                 | 0.008085     | 1050.71 | -230179.30132  |
| ZECUSDT      | 0.00132       | 0.001276    | 0.06949      | 54.78         | 0.01234      | 0.01631     | 0.02835        | 0.6639                 | 0.01381      | 1249.66 | -230179.30132  |
| XTZUSDT      | 0.00131       | 0.001701    | 0.06507      | 58.05         | 0.01102      | 0.01199     | 0.009708       | 0.8476                 | 0.009583     | 1248.66 | -230179.30131  |
| MATICUSDT    | 0.001303      | 0.001352    | 0.06871      | 41.68         | 0.01337      | 0.01694     | 0.03081        | 0.8072                 | 0.01255      | 989.71  | -230179.301303 |
| AAVEUSDT     | 0.001301      | 0.001189    | 0.06335      | 29.72         | 0.01548      | 0.01685     | 0.02291        | 0.8782                 | 0.007688     | 995.71  | -230179.301301 |
| API3USDT     | 0.001289      | 0.001237    | 0.06553      | 91.43         | 0.01418      | 0.01869     | 0.01488        | 0.7492                 | 0.01251      | 501.85  | -230179.301289 |
| DARUSDT      | 0.001269      | 0.001162    | 0.05292      | 40.38         | 0.009058     | 0.01009     | 0.02464        | 0.9083                 | 0.004636     | 435.85  | -230179.301269 |
| DYDXUSDT     | 0.001251      | 0.001445    | 0.06154      | 49.53         | 0.01124      | 0.01889     | 0.04713        | 0.7642                 | 0.01646      | 666.85  | -230179.301251 |
| EOSUSDT      | 0.001233      | 0.001696    | 0.0689       | 75.95         | 0.009505     | 0.01199     | 0.04052        | 0.7337                 | 0.009761     | 1277.66 | -230179.301233 |
| THETAUSDT    | 0.001232      | 0.001231    | 0.06939      | 68.85         | 0.01516      | 0.01864     | 0.03298        | 0.7965                 | 0.01373      | 1137.66 | -230179.301232 |
| ARUSDT       | 0.001224      | 0.00129     | 0.06429      | 69.78         | 0.01735      | 0.01902     | 0.02805        | 0.7893                 | 0.01457      | 648.85  | -230179.301224 |
| DASHUSDT     | 0.001213      | 0.001263    | 0.06999      | 54.02         | 0.01173      | 0.0137      | 0.01923        | 0.7025                 | 0.01037      | 1250.66 | -230179.301213 |
| C98USDT      | 0.001205      | 0.001217    | 0.06573      | 50.68         | 0.01493      | 0.01706     | 0.05251        | 0.7581                 | 0.01462      | 683.85  | -230179.301205 |
| ALGOUSDT     | 0.0012        | 0.002369    | 0.06991      | 69.28         | 0.01156      | 0.01237     | 0.02435        | 0.8072                 | 0.0104       | 1117.62 | -230179.3012   |
| QTUMUSDT     | 0.001192      | 0.001182    | 0.0668       | 47.55         | 0.01589      | 0.01728     | 0.01703        | 0.773                  | 0.01069      | 1234.66 | -230179.301192 |
| DUSKUSDT     | 0.001185      | 0.00126     | 0.0648       | 53.47         | 0.0129       | 0.01541     | 0.01372        | 0.8203                 | 0.009239     | 547.85  | -230179.301185 |
| BCHUSDT      | 0.001184      | 0.001005    | 0.06908      | 55.87         | 0.01341      | 0.01505     | 0.04983        | 0.8891                 | 0.006605     | 1285.0  | -230179.301184 |
| KLAYUSDT     | 0.001166      | 0.001052    | 0.06913      | 68.85         | 0.01194      | 0.01259     | 0.0118         | 0.895                  | 0.005902     | 634.85  | -230179.301166 |
| DOGEUSDT     | 0.001164      | 0.001421    | 0.05416      | 77.42         | 0.01055      | 0.01777     | 0.04975        | 0.6788                 | 0.01503      | 1093.62 | -230179.301164 |
| XRPUSDT      | 0.001153      | 0.001539    | 0.06981      | 30.63         | 0.007682     | 0.01668     | 0.02463        | 0.7493                 | 0.01579      | 1279.65 | -230179.301153 |
| WAVESUSDT    | 0.001145      | 0.00131     | 0.06004      | 71.35         | 0.01791      | 0.01999     | 0.02163        | 0.7411                 | 0.01258      | 1060.71 | -230179.301145 |
| MKRUSDT      | 0.001131      | 0.0008875   | 0.06964      | 53.38         | 0.0176       | 0.01944     | 0.08043        | 0.8431                 | 0.01355      | 1059.71 | -230179.301131 |
| 1000SHIBUSDT | 0.001129      | 0.001206    | 0.0606       | 56.03         | 0.01348      | 0.01951     | 0.03913        | 0.7814                 | 0.015        | 789.26  | -230179.301129 |
| SOLUSDT      | 0.001115      | 0.001309    | 0.04225      | 39.62         | 0.0152       | 0.01484     | 0.02313        | 0.8954                 | 0.00452      | 1027.71 | -230179.301115 |
| IMXUSDT      | 0.001113      | 0.001132    | 0.06624      | 30.98         | 0.01707      | 0.01861     | 0.0572         | 0.8266                 | 0.01135      | 512.85  | -230179.301113 |
| LINKUSDT     | 0.001106      | 0.001168    | 0.06987      | 60.85         | 0.01434      | 0.01387     | 0.02532        | 0.8276                 | 0.008692     | 1268.66 | -230179.301106 |
| VETUSDT      | 0.0011        | 0.001311    | 0.06995      | 79.68         | 0.01477      | 0.01953     | 0.05842        | 0.7177                 | 0.01685      | 1240.66 | -230179.3011   |
| LTCUSDT      | 0.001089      | 0.001142    | 0.07         | 53.88         | 0.01254      | 0.01405     | 0.05236        | 0.7688                 | 0.01112      | 1276.66 | -230179.301089 |
| ZILUSDT      | 0.001076      | 0.001373    | 0.06991      | 50.43         | 0.01009      | 0.01585     | 0.02467        | 0.7965                 | 0.01623      | 1115.62 | -230179.301076 |
| MAGICUSDT    | 0.001052      | 0.001258    | 0.06963      | 78.82         | 0.01654      | 0.01871     | 0.0295         | 0.8846                 | 0.01444      | 164.87  | -230179.301052 |
| FTMUSDT      | 0.001048      | 0.00176     | 0.05416      | 55.02         | 0.01624      | 0.01755     | 0.01628        | 0.76                   | 0.01327      | 1017.71 | -230179.301048 |
| APEUSDT      | 0.001042      | 0.001531    | 0.06674      | 35.82         | 0.01072      | 0.01436     | 0.03812        | 0.8279                 | 0.01266      | 478.37  | -230179.301042 |
| BALUSDT      | 0.001031      | 0.001178    | 0.06909      | 86.28         | 0.01768      | 0.01959     | 0.04766        | 0.8167                 | 0.01185      | 1040.71 | -230179.301031 |
| XMRUSDT      | 0.00103       | 0.00102     | 0.06999      | 63.82         | 0.01093      | 0.01442     | 0.006496       | 0.8336                 | 0.01098      | 1251.66 | -230179.30103  |
| EGLDUSDT     | 0.0009904     | 0.001081    | 0.06273      | 48.3          | 0.01343      | 0.01441     | 0.0485         | 0.8439                 | 0.009785     | 1027.71 | -230179.30099  |
| FILUSDT      | 0.0009787     | 0.001029    | 0.06973      | 51.2          | 0.01569      | 0.01819     | 0.06258        | 0.7591                 | 0.01022      | 995.75  | -230179.300979 |
| ARBUSDT      | 0.0009507     | 0.001146    | 0.06669      | 37.18         | 0.01318      | 0.014       | 0.01397        | 0.94                   | 0.007287     | 107.37  | -230179.300951 |
| LPTUSDT      | 0.0009397     | 0.001091    | 0.05514      | 68.8          | 0.01513      | 0.01672     | 0.04047        | 0.8537                 | 0.007211     | 604.85  | -230179.30094  |
| TRXUSDT      | 0.0009386     | 0.001005    | 0.06956      | 54.68         | 0.01046      | 0.01067     | 0.01922        | 0.862                  | 0.006229     | 1270.66 | -230179.300939 |
| IDUSDT       | 0.0009223     | 0.00123     | 0.03549      | 50.32         | 0.008323     | 0.008458    | 0.00533        | 0.9565                 | 0.003979     | 107.39  | -230179.300922 |
| LDOUSDT      | 0.0009017     | 0.001157    | 0.04821      | 43.62         | 0.009907     | 0.01088     | 0.01101        | 0.8984                 | 0.007176     | 289.5   | -230179.300902 |
| RUNEUSDT     | 0.0008961     | 0.0008161   | 0.06152      | 44.02         | 0.01728      | 0.01971     | 0.02189        | 0.736                  | 0.0133       | 1037.7  | -230179.300896 |
| 1000XECUSDT  | 0.0008707     | 0.000819    | 0.05946      | 85.63         | 0.01285      | 0.01513     | 0.06837        | 0.86                   | 0.008231     | 659.85  | -230179.300871 |
| CFXUSDT      | 0.0008435     | 0.001117    | 0.051        | 49.55         | 0.01887      | 0.01988     | 0.02115        | 0.9218                 | 0.00901      | 138.39  | -230179.300844 |
| FOOTBALLUSDT | 0.000833      | 0.0008606   | 0.06853      | 63.92         | 0.01079      | 0.01656     | 0.06874        | 0.8809                 | 0.0119       | 310.87  | -230179.300833 |
| IOTXUSDT     | 0.0008148     | 0.000854    | 0.0499       | 61.97         | 0.01536      | 0.01782     | 0.06604        | 0.7302                 | 0.01017      | 695.85  | -230179.300815 |
| WOOUSDT      | 0.0008056     | 0.0009885   | 0.04293      | 39.55         | 0.009635     | 0.009156    | 0.008504       | 0.9151                 | 0.006123     | 456.85  | -230179.300806 |
| PEOPLEUSDT   | 0.0007647     | 0.0007601   | 0.0344       | 50.58         | 0.01674      | 0.01939     | 0.063          | 0.7549                 | 0.009999     | 561.83  | -230179.300765 |
| CVXUSDT      | 0.0007632     | 0.0007503   | 0.06934      | 59.52         | 0.01218      | 0.01356     | 0.0332         | 0.8791                 | 0.0105       | 289.49  | -230179.300763 |
| ROSEUSDT     | 0.0007623     | 0.0009698   | 0.06893      | 54.85         | 0.01482      | 0.01873     | 0.0395         | 0.7935                 | 0.01661      | 554.85  | -230179.300762 |
| ICPUSDT      | 0.0007504     | 0.001069    | 0.06295      | 51.18         | 0.01147      | 0.01588     | 0.06331        | 0.8077                 | 0.01485      | 284.89  | -230179.30075  |
| GTCUSDT      | 0.0007028     | 0.001126    | 0.05128      | 94.85         | 0.01916      | 0.01895     | 0.03317        | 0.724                  | 0.01459      | 757.85  | -230179.300703 |
| BAKEUSDT     | 0.0006978     | 0.0007035   | 0.03496      | 54.43         | 0.01255      | 0.0124      | 0.008734       | 0.9637                 | 0.001894     | 780.71  | -230179.300698 |
| ETHUSDT      | 0.0006584     | 0.0007074   | 0.07         | 59.53         | 0.01254      | 0.01489     | 0.03259        | 0.8619                 | 0.01045      | 1285.0  | -230179.300658 |
| ADAUSDT      | 0.0006285     | 0.001102    | 0.06861      | 78.85         | 0.01395      | 0.01982     | 0.09621        | 0.7441                 | 0.01888      | 1254.66 | -230179.300628 |
| XLMUSDT      | 0.0006199     | 0.0008335   | 0.06723      | 60.95         | 0.01677      | 0.01519     | 0.06113        | 0.8477                 | 0.01013      | 1265.66 | -230179.30062  |
| QNTUSDT      | 0.0006167     | 0.0006589   | 0.05598      | 48.62         | 0.01018      | 0.009103    | 0.09308        | 0.9378                 | 0.006329     | 261.89  | -230179.300617 |
| ETCUSDT      | 0.000595      | 0.0008758   | 0.03415      | 37.78         | 0.008742     | 0.0139      | 0.01319        | 0.6775                 | 0.01254      | 1269.66 | -230179.300595 |
| BNBUSDT      | 0.0005567     | 0.0008074   | 0.06786      | 72.9          | 0.009554     | 0.01396     | 0.0389         | 0.6673                 | 0.01261      | 1244.66 | -230179.300557 |
| AXSUSDT      | 0.0003508     | 0.0007652   | 0.02806      | 87.72         | 0.01932      | 0.01911     | 0.05656        | 0.8757                 | 0.006509     | 960.7   | -230179.300351 |
| BTCUSDT      | 0.000342      | 0.0003751   | 0.04886      | 86.67         | 0.009389     | 0.01054     | 0.07701        | 0.9101                 | 0.00656      | 1285.0  | -230179.300342 |
| COCOSUSDT    | 0.0002784     | 0.00215     | 0.02036      | 46.35         | 0.01051      | 0.008468    | 0.02009        | 0.9507                 | 0.003073     | 137.38  | -230179.300278 |
| AUDIOUSDT    | 0.0002684     | 0.0004503   | 0.01965      | 88.57         | 0.01714      | 0.01678     | 0.08644        | 0.8425                 | 0.005906     | 688.85  | -230179.300268 |
| STGUSDT      | 0.0007838     | 0.001117    | 0.08344      | 44.13         | 0.0102       | 0.01764     | 0.03648        | 0.7766                 | 0.01848      | 317.5   | -230179.166373 |
| RNDRUSDT     | 0.0009353     | 0.001271    | 0.06236      | 62.05         | 0.02067      | 0.01888     | 0.02127        | 0.9049                 | 0.008666     | 155.89  | -230178.634665 |
| STXUSDT      | 0.001633      | 0.0016      | 0.09943      | 34.1          | 0.01689      | 0.02071     | 0.0479         | 0.8109                 | 0.01928      | 137.39  | -230171.925886 |
| INJUSDT      | 0.001137      | 0.001303    | 0.07549      | 39.95         | 0.01673      | 0.02209     | 0.03462        | 0.762                  | 0.02085      | 325.88  | -230158.336007 |
| ANTUSDT      | 0.0005987     | 0.0009551   | 0.0649       | 35.7          | 0.01355      | 0.02217     | 0.0616         | 0.7468                 | 0.02022      | 558.83  | -230157.59862  |
| BLUEBIRDUSDT | 0.0008413     | 0.0007629   | 0.1315       | 41.27         | 0.01366      | 0.0222      | 0.08946        | 0.8516                 | 0.0224       | 248.5   | -230156.711061 |
| BTCDOMUSDT   | -0.0001745    | 0.0001776   | 0.07898      | 84.0          | 0.008519     | 0.009094    | 0.3136         | 0.9315                 | 0.006906     | 747.85  | -208817.249409 |
| USDCUSDT     | -2.224e-05    | -3.314e-05  | 0.9396       | 22.33         | 0.002123     | 0.002023    | 1.0            | 0.9959                 | 0.0006999    | 118.29  | -140170.603903 |
| APTUSDT      | 0.0006015     | 0.000606    | 0.1718       | 78.67         | 0.04484      | 0.0754      | 0.4729         | 0.4095                 | 0.09918      | 262.92  | 639922.514033  |
| OPUSDT       | 0.0004756     | 0.0004607   | 0.1158       | 57.28         | 0.03488      | 0.07232     | 0.5835         | 0.2552                 | 0.09244      | 402.41  | 737907.801871  |
| GALAUSDT     | 3.264e-05     | 0.0007798   | 0.3376       | 47.65         | 0.1131       | 0.1432      | 0.4406         | 0.01234                | 0.2046       | 658.85  | 2088895.15665  |
| GMTUSDT      | -8.398e-06    | -8.398e-05  | 0.97         | 47.43         | 2.711        | 2.036       | 1.979          | -0.2957                | 0.4183       | 480.83  | 4709552.34077  |
| MASKUSDT     | 7.923e-05     | 0.0005556   | 0.396        | 50.73         | 0.1971       | 0.2298      | 0.08054        | -1.481                 | 0.5391       | 680.85  | 6893689.77993  |
+--------------+---------------+-------------+--------------+---------------+--------------+-------------+----------------+------------------------+--------------+---------+----------------+

