+--------------------------------------------------------------------------------------------------------------------------------------------------------------------------------------------+
|                                                                                            long                                                                                            |
+--------------+---------------+-------------+--------------+---------------+--------------+-------------+----------------+------------------------+--------------+---------+----------------+
| symbol       | adg_w_per_exp | adg_per_exp | exp_rts_mean | hrs_stuck_max | pa_dist_mean | pa_dist_std | loss_profit_rt | eqbal_rt_10_worst_mean | eqbal_rt_std | n_days  | score          |
+--------------+---------------+-------------+--------------+---------------+--------------+-------------+----------------+------------------------+--------------+---------+----------------+
| DOGEUSDT     | 0.001757      | 0.003562    | 0.06926      | 66.03         | 0.008732     | 0.01357     | 0.0468         | 0.8375                 | 0.008868     | 1078.62 | -480179.301757 |
| RNDRUSDT     | 0.002956      | 0.00277     | 0.05352      | 55.1          | 0.0101       | 0.009905    | 0.002452       | 0.9334                 | 0.006086     | 140.89  | -480179.302956 |
| CELRUSDT     | 0.001825      | 0.002565    | 0.06746      | 63.88         | 0.01639      | 0.01557     | 0.05783        | 0.8571                 | 0.008905     | 816.71  | -480179.301825 |
| STXUSDT      | 0.001778      | 0.002477    | 0.06286      | 65.7          | 0.0152       | 0.01253     | 0.01828        | 0.9451                 | 0.004835     | 122.39  | -480179.301778 |
| MATICUSDT    | 0.001382      | 0.002456    | 0.06277      | 48.35         | 0.01031      | 0.01528     | 0.02503        | 0.8544                 | 0.01054      | 974.71  | -480179.301382 |
| GRTUSDT      | 0.001641      | 0.002384    | 0.06996      | 58.73         | 0.01311      | 0.01784     | 0.04714        | 0.7629                 | 0.0124       | 916.71  | -480179.301641 |
| DENTUSDT     | 0.001739      | 0.002369    | 0.06999      | 57.37         | 0.01244      | 0.01659     | 0.009979       | 0.8242                 | 0.01028      | 821.83  | -480179.301739 |
| SOLUSDT      | 0.001654      | 0.002354    | 0.06963      | 53.4          | 0.01081      | 0.01555     | 0.0258         | 0.7695                 | 0.01079      | 1012.71 | -480179.301654 |
| COTIUSDT     | 0.001501      | 0.002338    | 0.05993      | 45.32         | 0.0103       | 0.01288     | 0.04612        | 0.8002                 | 0.008143     | 835.71  | -480179.301501 |
| EDUUSDT      | 0.001651      | 0.002333    | 0.04309      | 30.58         | 0.01215      | 0.01114     | 0.01774        | 0.9879                 | 0.001674     | 54.5    | -480179.301651 |
| MAGICUSDT    | 0.001574      | 0.002297    | 0.03562      | 57.32         | 0.009607     | 0.007993    | 0.02989        | 0.9691                 | 0.00233      | 149.87  | -480179.301574 |
| NKNUSDT      | 0.001727      | 0.002292    | 0.06913      | 58.13         | 0.01384      | 0.01594     | 0.01414        | 0.8309                 | 0.01047      | 805.71  | -480179.301727 |
| MANAUSDT     | 0.001537      | 0.00229     | 0.06126      | 76.92         | 0.01005      | 0.0161      | 0.03298        | 0.7694                 | 0.01086      | 830.71  | -480179.301537 |
| DOTUSDT      | 0.001527      | 0.00226     | 0.06115      | 57.52         | 0.009365     | 0.01323     | 0.005811       | 0.8147                 | 0.008966     | 1035.71 | -480179.301527 |
| RVNUSDT      | 0.001482      | 0.00226     | 0.06999      | 37.55         | 0.01073      | 0.01385     | 0.01622        | 0.8091                 | 0.008894     | 850.71  | -480179.301482 |
| BLURUSDT     | 0.001838      | 0.002247    | 0.06747      | 32.15         | 0.0115       | 0.01067     | 0.01887        | 0.9833                 | 0.002157     | 56.5    | -480179.301838 |
| HOOKUSDT     | 0.0018        | 0.002242    | 0.04879      | 43.17         | 0.01082      | 0.009427    | 0.01624        | 0.9599                 | 0.003193     | 151.87  | -480179.3018   |
| CHZUSDT      | 0.001467      | 0.002192    | 0.05917      | 59.3          | 0.01056      | 0.01733     | 0.01017        | 0.7641                 | 0.00934      | 883.71  | -480179.301467 |
| SUSHIUSDT    | 0.001168      | 0.002178    | 0.05648      | 48.63         | 0.01027      | 0.01201     | 0.05704        | 0.8868                 | 0.008133     | 1022.71 | -480179.301168 |
| SANDUSDT     | 0.001227      | 0.002143    | 0.06567      | 58.97         | 0.01133      | 0.01724     | 0.04366        | 0.7832                 | 0.01155      | 879.71  | -480179.301227 |
| NEARUSDT     | 0.001264      | 0.002103    | 0.06866      | 75.7          | 0.01189      | 0.01402     | 0.06304        | 0.8452                 | 0.009638     | 981.66  | -480179.301264 |
| 1000SHIBUSDT | 0.001155      | 0.002097    | 0.04921      | 78.57         | 0.01014      | 0.01811     | 0.01953        | 0.7905                 | 0.01177      | 774.26  | -480179.301155 |
| HOTUSDT      | 0.001326      | 0.00207     | 0.05353      | 28.15         | 0.00752      | 0.01321     | 0.03404        | 0.7867                 | 0.009141     | 815.71  | -480179.301326 |
| RUNEUSDT     | 0.001401      | 0.002066    | 0.06942      | 56.63         | 0.01197      | 0.01689     | 0.01621        | 0.7868                 | 0.01063      | 1022.7  | -480179.301401 |
| OPUSDT       | 0.001372      | 0.00206     | 0.05909      | 59.42         | 0.01213      | 0.0158      | 0.05078        | 0.8637                 | 0.0113       | 387.41  | -480179.301372 |
| CTKUSDT      | 0.001081      | 0.002052    | 0.06969      | 52.2          | 0.01142      | 0.01063     | 0.0124         | 0.855                  | 0.005796     | 946.71  | -480179.301081 |
| LRCUSDT      | 0.001648      | 0.00205     | 0.06902      | 84.28         | 0.01154      | 0.01498     | 0.006729       | 0.8329                 | 0.009508     | 977.7   | -480179.301648 |
| BANDUSDT     | 0.001619      | 0.002034    | 0.06982      | 78.38         | 0.01567      | 0.0182      | 0.01286        | 0.7943                 | 0.0114       | 1059.71 | -480179.301619 |
| TOMOUSDT     | 0.001882      | 0.002014    | 0.06985      | 54.6          | 0.0141       | 0.01699     | 0.04518        | 0.8518                 | 0.01122      | 984.71  | -480179.301882 |
| OMGUSDT      | 0.001492      | 0.002006    | 0.06573      | 34.47         | 0.01144      | 0.01194     | 0.03883        | 0.8663                 | 0.007671     | 1086.62 | -480179.301492 |
| FTMUSDT      | 0.001147      | 0.001936    | 0.06508      | 49.87         | 0.01504      | 0.01988     | 0.03438        | 0.7879                 | 0.01404      | 1002.71 | -480179.301147 |
| ICXUSDT      | 0.001366      | 0.00191     | 0.0633       | 23.42         | 0.01092      | 0.01152     | 0.05336        | 0.8311                 | 0.007932     | 1011.71 | -480179.301366 |
| THETAUSDT    | 0.00127       | 0.001903    | 0.06934      | 53.38         | 0.01146      | 0.01592     | 0.02226        | 0.7879                 | 0.0104       | 1122.66 | -480179.30127  |
| AAVEUSDT     | 0.001325      | 0.001879    | 0.06974      | 79.85         | 0.0142       | 0.01885     | 0.04813        | 0.8352                 | 0.01178      | 980.71  | -480179.301325 |
| ANKRUSDT     | 0.001379      | 0.001878    | 0.05747      | 66.0          | 0.0101       | 0.01102     | 0.05263        | 0.8815                 | 0.007045     | 878.71  | -480179.301379 |
| HIGHUSDT     | 0.001884      | 0.001874    | 0.03605      | 32.75         | 0.01233      | 0.01052     | 0.01154        | 0.9622                 | 0.002813     | 136.89  | -480179.301884 |
| ALICEUSDT    | 0.001505      | 0.001861    | 0.06833      | 46.85         | 0.01239      | 0.01641     | 0.007084       | 0.8141                 | 0.01012      | 829.87  | -480179.301505 |
| UNIUSDT      | 0.001346      | 0.001837    | 0.05847      | 56.15         | 0.01023      | 0.01553     | 0.02487        | 0.7832                 | 0.009609     | 1008.71 | -480179.301346 |
| AGIXUSDT     | 0.001466      | 0.001822    | 0.06104      | 52.27         | 0.01051      | 0.009413    | 0.04237        | 0.9538                 | 0.005092     | 127.4   | -480179.301466 |
| IDUSDT       | 0.001558      | 0.001806    | 0.04831      | 64.92         | 0.01279      | 0.01055     | 0.00353        | 0.9848                 | 0.001723     | 92.39   | -480179.301558 |
| EGLDUSDT     | 0.0009409     | 0.001793    | 0.06961      | 57.87         | 0.0104       | 0.01541     | 0.01238        | 0.8176                 | 0.01098      | 1012.71 | -480179.300941 |
| 1INCHUSDT    | 0.001069      | 0.001791    | 0.0642       | 66.93         | 0.01321      | 0.01891     | 0.07147        | 0.7711                 | 0.01309      | 910.58  | -480179.301069 |
| LINKUSDT     | 0.001484      | 0.001784    | 0.06586      | 75.82         | 0.01277      | 0.0187      | 0.01572        | 0.7718                 | 0.01146      | 1253.66 | -480179.301484 |
| INJUSDT      | 0.001812      | 0.001783    | 0.05864      | 49.02         | 0.01174      | 0.01124     | 0.02923        | 0.9258                 | 0.00587      | 310.88  | -480179.301812 |
| IMXUSDT      | 0.001053      | 0.001777    | 0.04344      | 44.42         | 0.01045      | 0.009842    | 0.03455        | 0.9132                 | 0.004776     | 497.85  | -480179.301053 |
| ZENUSDT      | 0.001261      | 0.001751    | 0.07         | 44.22         | 0.01497      | 0.01835     | 0.07303        | 0.7795                 | 0.01196      | 941.71  | -480179.301261 |
| KSMUSDT      | 0.001019      | 0.00175     | 0.05739      | 65.95         | 0.01553      | 0.01638     | 0.08776        | 0.8014                 | 0.0101       | 982.71  | -480179.301019 |
| ZILUSDT      | 0.001045      | 0.001745    | 0.03721      | 69.27         | 0.009761     | 0.01364     | 0.02725        | 0.8192                 | 0.007931     | 1100.62 | -480179.301045 |
| HBARUSDT     | 0.001409      | 0.001727    | 0.06402      | 50.85         | 0.01106      | 0.01276     | 0.02283        | 0.8309                 | 0.008123     | 828.71  | -480179.301409 |
| RLCUSDT      | 0.00123       | 0.001717    | 0.05293      | 42.78         | 0.01265      | 0.01585     | 0.03661        | 0.8326                 | 0.01095      | 1057.71 | -480179.30123  |
| DGBUSDT      | 0.001153      | 0.001712    | 0.06997      | 47.42         | 0.01369      | 0.01885     | 0.05431        | 0.7812                 | 0.01266      | 793.85  | -480179.301153 |
| YFIUSDT      | 0.00104       | 0.00169     | 0.06369      | 36.27         | 0.01471      | 0.01425     | 0.06938        | 0.8438                 | 0.008494     | 1026.71 | -480179.30104  |
| SNXUSDT      | 0.001092      | 0.001683    | 0.05256      | 64.2          | 0.01349      | 0.01406     | 0.03669        | 0.8621                 | 0.008667     | 1043.7  | -480179.301092 |
| ZRXUSDT      | 0.001069      | 0.001679    | 0.05101      | 63.05         | 0.01252      | 0.01873     | 0.06036        | 0.8035                 | 0.01222      | 1094.62 | -480179.301069 |
| XRPUSDT      | 0.001372      | 0.001676    | 0.06999      | 57.37         | 0.0108       | 0.01077     | 0.01734        | 0.8916                 | 0.005838     | 1264.65 | -480179.301372 |
| MTLUSDT      | 0.001599      | 0.001664    | 0.06627      | 60.13         | 0.0161       | 0.01627     | 0.03793        | 0.8087                 | 0.008765     | 814.71  | -480179.301599 |
| ALGOUSDT     | 0.001473      | 0.00166     | 0.06841      | 27.3          | 0.01169      | 0.01368     | 0.03529        | 0.8441                 | 0.008024     | 1102.62 | -480179.301473 |
| OCEANUSDT    | 0.00128       | 0.001659    | 0.06965      | 39.55         | 0.01473      | 0.01779     | 0.01304        | 0.8084                 | 0.01101      | 962.71  | -480179.30128  |
| AVAXUSDT     | 0.001149      | 0.001658    | 0.05629      | 58.7          | 0.01241      | 0.01958     | 0.03517        | 0.7632                 | 0.01323      | 1003.71 | -480179.301149 |
| SKLUSDT      | 0.001088      | 0.00165     | 0.06868      | 35.5          | 0.01473      | 0.01681     | 0.06317        | 0.8399                 | 0.0113       | 927.68  | -480179.301088 |
| BELUSDT      | 0.001472      | 0.001609    | 0.06944      | 56.38         | 0.01212      | 0.01891     | 0.06839        | 0.7937                 | 0.01219      | 947.71  | -480179.301472 |
| ASTRUSDT     | 0.001635      | 0.001587    | 0.05094      | 32.17         | 0.009428     | 0.008525    | 0.00361        | 0.9724                 | 0.002198     | 129.89  | -480179.301635 |
| 1000LUNCUSDT | 0.001286      | 0.001585    | 0.02867      | 54.82         | 0.008652     | 0.008386    | 0.02456        | 0.9242                 | 0.003339     | 287.46  | -480179.301286 |
| REEFUSDT     | 0.001363      | 0.001552    | 0.06785      | 46.68         | 0.01271      | 0.01954     | 0.05428        | 0.8217                 | 0.0134       | 851.7   | -480179.301363 |
| COCOSUSDT    | 0.000303      | 0.001551    | 0.04228      | 23.58         | 0.009153     | 0.009394    | 0.02307        | 0.9815                 | 0.001914     | 122.38  | -480179.300303 |
| CHRUSDT      | 0.0009877     | 0.001527    | 0.06975      | 81.92         | 0.0145       | 0.01807     | 0.02032        | 0.8329                 | 0.01228      | 833.71  | -480179.300988 |
| RENUSDT      | 0.001743      | 0.001524    | 0.0695       | 55.1          | 0.01849      | 0.01986     | 0.03498        | 0.8063                 | 0.01223      | 983.71  | -480179.301743 |
| WAVESUSDT    | 0.001156      | 0.001508    | 0.0622       | 27.93         | 0.01237      | 0.01912     | 0.04522        | 0.7822                 | 0.01336      | 1045.71 | -480179.301156 |
| COMPUSDT     | 0.001061      | 0.001505    | 0.06233      | 69.95         | 0.01183      | 0.0194      | 0.01782        | 0.8063                 | 0.01331      | 1088.62 | -480179.301061 |
| TRBUSDT      | 0.001086      | 0.001498    | 0.06294      | 70.47         | 0.01979      | 0.01859     | 0.05522        | 0.8178                 | 0.009008     | 1023.71 | -480179.301086 |
| BNXUSDT      | 0.002018      | 0.001493    | 0.06588      | 52.65         | 0.01414      | 0.01274     | 0.07038        | 0.9335                 | 0.007448     | 121.38  | -480179.302018 |
| TUSDT        | 0.001464      | 0.001489    | 0.03978      | 42.1          | 0.007855     | 0.006775    | 0.04349        | 0.9843                 | 0.001369     | 142.46  | -480179.301464 |
| RSRUSDT      | 0.001052      | 0.001488    | 0.0464       | 63.33         | 0.01193      | 0.01316     | 0.02249        | 0.8902                 | 0.007449     | 977.7   | -480179.301052 |
| TRUUSDT      | 0.001255      | 0.001484    | 0.04327      | 14.3          | 0.0109       | 0.009697    | 0.0326         | 0.9724                 | 0.00234      | 108.5   | -480179.301255 |
| MINAUSDT     | 0.001423      | 0.001469    | 0.05663      | 40.4          | 0.007518     | 0.006985    | 0.01809        | 0.9643                 | 0.00311      | 136.54  | -480179.301423 |
| ALPHAUSDT    | 0.00115       | 0.001455    | 0.06917      | 58.6          | 0.0173       | 0.01829     | 0.04224        | 0.7867                 | 0.01133      | 942.71  | -480179.30115  |
| RDNTUSDT     | 0.001466      | 0.001455    | 0.06207      | 32.22         | 0.01506      | 0.0183      | 0.01722        | 0.8932                 | 0.01071      | 79.5    | -480179.301466 |
| HFTUSDT      | 0.00121       | 0.001453    | 0.04247      | 22.67         | 0.01         | 0.009132    | 0.02294        | 0.982                  | 0.001726     | 78.5    | -480179.30121  |
| APTUSDT      | 0.001116      | 0.001448    | 0.05679      | 51.88         | 0.008743     | 0.008414    | 0.003709       | 0.9339                 | 0.004559     | 247.92  | -480179.301116 |
| AMBUSDT      | 0.001202      | 0.001435    | 0.05137      | 41.35         | 0.01593      | 0.01181     | 0.02561        | 0.9722                 | 0.002912     | 85.5    | -480179.301202 |
| CFXUSDT      | 0.001577      | 0.001411    | 0.03398      | 63.9          | 0.01582      | 0.01301     | 0.01191        | 0.9755                 | 0.002442     | 123.39  | -480179.301577 |
| JASMYUSDT    | 0.001215      | 0.001395    | 0.0366       | 61.22         | 0.01036      | 0.009196    | 0.04222        | 0.9297                 | 0.003671     | 429.85  | -480179.301215 |
| FILUSDT      | 0.001214      | 0.001395    | 0.0633       | 57.9          | 0.0101       | 0.01879     | 0.06373        | 0.7942                 | 0.01313      | 980.75  | -480179.301214 |
| ATOMUSDT     | 0.001684      | 0.001382    | 0.06826      | 66.72         | 0.01426      | 0.01701     | 0.01875        | 0.7988                 | 0.00692      | 1232.49 | -480179.301684 |
| LQTYUSDT     | 0.0015        | 0.001381    | 0.06422      | 40.63         | 0.0147       | 0.01436     | 0.01933        | 0.9648                 | 0.004106     | 105.5   | -480179.3015   |
| MKRUSDT      | 0.001156      | 0.001378    | 0.06986      | 53.15         | 0.01247      | 0.01656     | 0.03689        | 0.8364                 | 0.01037      | 1044.71 | -480179.301156 |
| CELOUSDT     | 0.0008284     | 0.001375    | 0.05552      | 55.42         | 0.01075      | 0.01339     | 0.06415        | 0.8661                 | 0.008652     | 634.85  | -480179.300828 |
| DEFIUSDT     | 0.0009405     | 0.001374    | 0.06098      | 48.7          | 0.0121       | 0.01222     | 0.04044        | 0.8784                 | 0.00653      | 1029.71 | -480179.300941 |
| CRVUSDT      | 0.001079      | 0.001372    | 0.06806      | 49.37         | 0.01904      | 0.01978     | 0.06796        | 0.7847                 | 0.01203      | 1025.71 | -480179.301079 |
| STORJUSDT    | 0.0008329     | 0.001343    | 0.06964      | 67.43         | 0.01847      | 0.01804     | 0.08151        | 0.8084                 | 0.01076      | 1010.7  | -480179.300833 |
| SXPUSDT      | 0.0007003     | 0.001336    | 0.04747      | 33.42         | 0.01095      | 0.0152      | 0.08641        | 0.8412                 | 0.01023      | 1067.62 | -480179.3007   |
| LINAUSDT     | 0.001286      | 0.001335    | 0.06201      | 59.03         | 0.01692      | 0.01967     | 0.04353        | 0.7896                 | 0.01276      | 826.71  | -480179.301286 |
| XMRUSDT      | 0.001076      | 0.001329    | 0.06993      | 52.58         | 0.01007      | 0.01501     | 0.01389        | 0.8114                 | 0.01077      | 1236.66 | -480179.301076 |
| ENJUSDT      | 0.001151      | 0.001322    | 0.07         | 57.23         | 0.01717      | 0.01541     | 0.03017        | 0.8587                 | 0.007289     | 997.71  | -480179.301151 |
| AXSUSDT      | 0.0009951     | 0.00132     | 0.06549      | 90.32         | 0.01647      | 0.01949     | 0.02457        | 0.8387                 | 0.01263      | 945.7   | -480179.300995 |
| SFPUSDT      | 0.001434      | 0.001314    | 0.06976      | 39.65         | 0.0189       | 0.01999     | 0.02816        | 0.8467                 | 0.007722     | 849.71  | -480179.301434 |
| UNFIUSDT     | 0.001176      | 0.001314    | 0.06481      | 53.68         | 0.01962      | 0.0197      | 0.02274        | 0.818                  | 0.008233     | 854.71  | -480179.301176 |
| PEOPLEUSDT   | 0.0008322     | 0.001313    | 0.06836      | 47.03         | 0.0161       | 0.01804     | 0.02073        | 0.8595                 | 0.01164      | 546.83  | -480179.300832 |
| WOOUSDT      | 0.0009003     | 0.001305    | 0.06495      | 23.3          | 0.01353      | 0.01828     | 0.06755        | 0.8548                 | 0.01343      | 441.85  | -480179.3009   |
| SPELLUSDT    | 0.001227      | 0.001287    | 0.06411      | 24.97         | 0.008073     | 0.007       | 0.01189        | 0.9543                 | 0.003155     | 290.5   | -480179.301227 |
| FETUSDT      | 0.001774      | 0.001278    | 0.05825      | 39.65         | 0.01433      | 0.01145     | 0.04064        | 0.9556                 | 0.004296     | 157.89  | -480179.301774 |
| ROSEUSDT     | 0.0009146     | 0.001265    | 0.06285      | 23.58         | 0.01119      | 0.01497     | 0.04892        | 0.8602                 | 0.01047      | 539.85  | -480179.300915 |
| KNCUSDT      | 0.0008084     | 0.00126     | 0.06109      | 51.12         | 0.01355      | 0.01874     | 0.03659        | 0.8228                 | 0.01291      | 1096.63 | -480179.300808 |
| ETCUSDT      | 0.000767      | 0.001253    | 0.06969      | 79.6          | 0.01455      | 0.01893     | 0.05949        | 0.7734                 | 0.01341      | 1254.66 | -480179.300767 |
| OGNUSDT      | 0.0009497     | 0.001246    | 0.06445      | 52.38         | 0.01878      | 0.0177      | 0.05864        | 0.8608                 | 0.006752     | 813.71  | -480179.30095  |
| ETHUSDT      | 0.000957      | 0.001238    | 0.06885      | 22.25         | 0.01151      | 0.01102     | 0.06852        | 0.8414                 | 0.006641     | 1270.0  | -480179.300957 |
| EOSUSDT      | 0.0008976     | 0.001237    | 0.06835      | 59.4          | 0.01161      | 0.01068     | 0.01921        | 0.8883                 | 0.005797     | 1262.66 | -480179.300898 |
| DASHUSDT     | 0.001084      | 0.001229    | 0.06812      | 46.98         | 0.01539      | 0.0181      | 0.0612         | 0.784                  | 0.01299      | 1235.66 | -480179.301084 |
| STMXUSDT     | 0.001011      | 0.00122     | 0.06999      | 55.9          | 0.01567      | 0.01869     | 0.04014        | 0.8357                 | 0.01227      | 823.71  | -480179.301011 |
| SSVUSDT      | 0.001356      | 0.001211    | 0.05666      | 28.58         | 0.01982      | 0.01645     | 0.02905        | 0.9404                 | 0.005879     | 119.5   | -480179.301356 |
| ONEUSDT      | 0.0006454     | 0.001164    | 0.03385      | 63.02         | 0.01191      | 0.01347     | 0.09426        | 0.834                  | 0.007381     | 827.71  | -480179.300645 |
| XTZUSDT      | 0.0009426     | 0.001124    | 0.06995      | 65.52         | 0.01604      | 0.01549     | 0.03623        | 0.8741                 | 0.01         | 1233.66 | -480179.300943 |
| ICPUSDT      | 0.001179      | 0.001116    | 0.0538       | 46.72         | 0.007532     | 0.007458    | 0.01911        | 0.9488                 | 0.003767     | 269.89  | -480179.301179 |
| IOSTUSDT     | 0.0008281     | 0.001109    | 0.06871      | 50.6          | 0.01235      | 0.01557     | 0.01661        | 0.8165                 | 0.01062      | 1218.66 | -480179.300828 |
| KAVAUSDT     | 0.001105      | 0.001101    | 0.06805      | 49.38         | 0.01801      | 0.01938     | 0.0589         | 0.8516                 | 0.01148      | 1060.7  | -480179.301105 |
| ZECUSDT      | 0.0009855     | 0.001096    | 0.06483      | 48.02         | 0.0115       | 0.01365     | 0.04278        | 0.8456                 | 0.008469     | 1234.66 | -480179.300985 |
| ONTUSDT      | 0.0009031     | 0.001081    | 0.06987      | 40.88         | 0.01845      | 0.01969     | 0.07106        | 0.7822                 | 0.01335      | 1228.66 | -480179.300903 |
| GALAUSDT     | 0.0005358     | 0.001069    | 0.07935      | 30.65         | 0.01706      | 0.0385      | 0.1078         | 0.7639                 | 0.02491      | 643.85  | -479209.356312 |
| TLMUSDT      | 0.0009147     | 0.001056    | 0.06016      | 19.23         | 0.008185     | 0.007454    | 0.04032        | 0.9845                 | 0.001736     | 85.48   | -480179.300915 |
| FOOTBALLUSDT | 0.0009093     | 0.00105     | 0.03189      | 44.83         | 0.008432     | 0.007122    | 0.01605        | 0.9674                 | 0.001918     | 295.87  | -480179.300909 |
| LUNA2USDT    | 0.001231      | 0.001048    | 0.06078      | 37.9          | 0.01351      | 0.01409     | 0.03526        | 0.9016                 | 0.008321     | 286.87  | -480179.301231 |
| QTUMUSDT     | 0.0009042     | 0.001045    | 0.05961      | 84.42         | 0.01454      | 0.01832     | 0.0223         | 0.7896                 | 0.01123      | 1219.66 | -480179.300904 |
| BATUSDT      | 0.001053      | 0.001041    | 0.06991      | 62.38         | 0.01917      | 0.01815     | 0.06752        | 0.8616                 | 0.01071      | 1226.66 | -480179.301053 |
| LDOUSDT      | 0.001297      | 0.00104     | 0.0638       | 58.45         | 0.01782      | 0.01515     | 0.03964        | 0.8801                 | 0.007166     | 274.5   | -480179.301297 |
| BLZUSDT      | 0.0007635     | 0.001038    | 0.06948      | 53.05         | 0.01802      | 0.01927     | 0.03977        | 0.8141                 | 0.01179      | 1009.7  | -480179.300764 |
| PHBUSDT      | 0.0009987     | 0.001037    | 0.06862      | 40.82         | 0.01968      | 0.01547     | 0.07711        | 0.9562                 | 0.005222     | 127.39  | -480179.300999 |
| QNTUSDT      | 0.001107      | 0.001036    | 0.0601       | 87.65         | 0.01144      | 0.009888    | 0.05557        | 0.9545                 | 0.003476     | 246.89  | -480179.301107 |
| ARBUSDT      | 0.001462      | 0.001034    | 0.03534      | 48.47         | 0.01228      | 0.01088     | 0.08238        | 0.9829                 | 0.001718     | 92.37   | -480179.301462 |
| CKBUSDT      | 0.0008228     | 0.00103     | 0.05268      | 48.82         | 0.01018      | 0.009712    | 0.005958       | 0.9485                 | 0.004896     | 115.5   | -480179.300823 |
| LITUSDT      | 0.0009772     | 0.001019    | 0.06448      | 39.83         | 0.01705      | 0.01699     | 0.02366        | 0.8772                 | 0.007067     | 855.71  | -480179.300977 |
| ARUSDT       | 0.0004288     | 0.001016    | 0.07108      | 50.2          | 0.01942      | 0.01904     | 0.1372         | 0.8655                 | 0.01291      | 633.85  | -476460.238543 |
| ARPAUSDT     | 0.0009342     | 0.001013    | 0.06522      | 75.62         | 0.01345      | 0.0195      | 0.01583        | 0.8039                 | 0.01337      | 612.85  | -480179.300934 |
| IOTAUSDT     | 0.0007852     | 0.0009946   | 0.06901      | 56.02         | 0.01764      | 0.01657     | 0.07293        | 0.822                  | 0.008611     | 1227.66 | -480179.300785 |
| GMXUSDT      | 0.0008933     | 0.0009761   | 0.0642       | 34.85         | 0.009977     | 0.008197    | 0.02094        | 0.9627                 | 0.003555     | 126.39  | -480179.300893 |
| XLMUSDT      | 0.000911      | 0.000976    | 0.06528      | 60.73         | 0.01467      | 0.01716     | 0.08755        | 0.8171                 | 0.007976     | 1250.66 | -480179.300911 |
| ANTUSDT      | 0.0005941     | 0.0009738   | 0.02972      | 71.3          | 0.0136       | 0.01239     | 0.00735        | 0.9148                 | 0.003257     | 543.83  | -480179.300594 |
| LTCUSDT      | 0.0008137     | 0.0009553   | 0.06998      | 50.02         | 0.01474      | 0.0172      | 0.06327        | 0.7977                 | 0.01085      | 1261.66 | -480179.300814 |
| LEVERUSDT    | 0.0004674     | 0.0009522   | 0.06766      | 44.67         | 0.01749      | 0.01446     | 0.05309        | 0.9656                 | 0.00479      | 85.49   | -480179.300467 |
| BNBUSDT      | 0.000719      | 0.0009521   | 0.07         | 85.5          | 0.01359      | 0.01283     | 0.03504        | 0.8714                 | 0.006316     | 1229.66 | -480179.300719 |
| XEMUSDT      | 0.000648      | 0.0009355   | 0.04811      | 33.78         | 0.009182     | 0.01715     | 0.03183        | 0.8232                 | 0.01105      | 842.71  | -480179.300648 |
| C98USDT      | 4.92e-05      | 0.0009216   | 0.119        | 58.12         | 0.02016      | 0.03044     | 0.1964         | 0.8395                 | 0.02188      | 668.85  | -470429.609915 |
| BALUSDT      | 0.0007099     | 0.000907    | 0.06189      | 27.28         | 0.01497      | 0.01625     | 0.08347        | 0.84                   | 0.009991     | 1025.71 | -480179.30071  |
| TRXUSDT      | 0.001064      | 0.0009048   | 0.06945      | 42.37         | 0.01133      | 0.01343     | 0.0403         | 0.8779                 | 0.004927     | 1255.66 | -480179.301064 |
| 1000XECUSDT  | 0.0005267     | 0.0008928   | 0.08445      | 67.53         | 0.01666      | 0.02183     | 0.07193        | 0.7779                 | 0.01646      | 644.85  | -480160.885842 |
| BCHUSDT      | 0.0009523     | 0.0008912   | 0.06673      | 60.0          | 0.01354      | 0.01451     | 0.03476        | 0.8814                 | 0.005941     | 1270.0  | -480179.300952 |
| BLUEBIRDUSDT | 0.001021      | 0.0008594   | 0.0534       | 44.0          | 0.007215     | 0.007317    | 0.0404         | 0.9809                 | 0.001466     | 233.5   | -480179.301021 |
| VETUSDT      | 0.0006943     | 0.0008563   | 0.05444      | 71.55         | 0.01595      | 0.01745     | 0.03206        | 0.8093                 | 0.01002      | 1225.66 | -480179.300694 |
| IOTXUSDT     | 0.0008024     | 0.0008437   | 0.09487      | 34.68         | 0.01716      | 0.02304     | 0.06768        | 0.7929                 | 0.01651      | 680.85  | -480148.633216 |
| FXSUSDT      | 0.0002344     | 0.0008378   | 0.08588      | 29.6          | 0.01231      | 0.0187      | 0.06011        | 0.8885                 | 0.01399      | 154.87  | -480179.141393 |
| CTSIUSDT     | 0.0007114     | 0.000837    | 0.0465       | 25.52         | 0.01495      | 0.01707     | 0.08763        | 0.8163                 | 0.01006      | 605.85  | -480179.300711 |
| NEOUSDT      | 0.0009153     | 0.0008319   | 0.05628      | 54.88         | 0.01583      | 0.01968     | 0.02739        | 0.763                  | 0.01077      | 1222.63 | -480179.300915 |
| ATAUSDT      | 0.0006916     | 0.0008316   | 0.0518       | 53.78         | 0.01599      | 0.01635     | 0.02603        | 0.8501                 | 0.007875     | 661.85  | -480179.300692 |
| DYDXUSDT     | 0.0005835     | 0.0008311   | 0.05727      | 51.68         | 0.01636      | 0.02295     | 0.03177        | 0.803                  | 0.01599      | 651.85  | -480149.826608 |
| KLAYUSDT     | 0.001298      | 0.0008198   | 0.05884      | 65.27         | 0.0132       | 0.01311     | 0.1532         | 0.8884                 | 0.007249     | 619.85  | -474854.886948 |
| APEUSDT      | 0.0005873     | 0.0008011   | 0.0459       | 56.65         | 0.01173      | 0.009975    | 0.00829        | 0.9443                 | 0.003906     | 463.37  | -480179.300587 |
| DUSKUSDT     | 0.0005641     | 0.0007557   | 0.04338      | 49.0          | 0.01308      | 0.01243     | 0.01107        | 0.9024                 | 0.00657      | 532.85  | -480179.300564 |
| AUDIOUSDT    | 0.0005074     | 0.0007486   | 0.09024      | 43.98         | 0.01549      | 0.01687     | 0.04586        | 0.87                   | 0.01273      | 673.85  | -480179.098085 |
| FLMUSDT      | 0.0005492     | 0.0007482   | 0.05352      | 64.6          | 0.01931      | 0.01855     | 0.06158        | 0.871                  | 0.009206     | 997.71  | -480179.300549 |
| API3USDT     | 0.0005623     | 0.0007472   | 0.04254      | 46.75         | 0.01149      | 0.009758    | 0.005561       | 0.9412                 | 0.003013     | 486.85  | -480179.300562 |
| GALUSDT      | 0.0004544     | 0.0007188   | 0.08202      | 45.48         | 0.01982      | 0.01853     | 0.09943        | 0.9033                 | 0.01198      | 414.41  | -480179.18022  |
| DARUSDT      | 0.0005076     | 0.0006927   | 0.0707       | 40.95         | 0.01465      | 0.0233      | 0.05019        | 0.8132                 | 0.01679      | 420.85  | -480146.321405 |
| CVXUSDT      | 0.0005927     | 0.0006539   | 0.0687       | 62.03         | 0.01032      | 0.01102     | 0.0516         | 0.8967                 | 0.007277     | 274.49  | -480179.300593 |
| ADAUSDT      | 0.0004761     | 0.0006455   | 0.04686      | 63.25         | 0.01191      | 0.01269     | 0.02567        | 0.8852                 | 0.008006     | 1239.66 | -480179.300476 |
| XVSUSDT      | 0.0004065     | 0.000639    | 0.05849      | 41.05         | 0.01568      | 0.01479     | 0.04292        | 0.927                  | 0.0086       | 71.89   | -480179.300406 |
| GTCUSDT      | 0.0004192     | 0.0006127   | 0.08452      | 56.95         | 0.02357      | 0.026       | 0.1382         | 0.7902                 | 0.01774      | 742.85  | -476292.444087 |
| MASKUSDT     | 0.0005021     | 0.0006111   | 0.05358      | 57.87         | 0.0227       | 0.02897     | 0.1082         | 0.7622                 | 0.01876      | 665.85  | -479265.175437 |
| STGUSDT      | 0.0004381     | 0.0005905   | 0.06188      | 71.92         | 0.01454      | 0.0185      | 0.03885        | 0.8683                 | 0.01356      | 302.5   | -480179.300438 |
| ACHUSDT      | 0.0005081     | 0.0005827   | 0.03779      | 57.98         | 0.01848      | 0.01591     | 0.06263        | 0.9323                 | 0.005809     | 121.39  | -480179.300508 |
| ENSUSDT      | 0.0004427     | 0.0005637   | 0.04058      | 47.02         | 0.0173       | 0.0167      | 0.07182        | 0.8742                 | 0.007261     | 570.85  | -480179.300443 |
| FLOWUSDT     | 0.0005005     | 0.000545    | 0.04074      | 53.9          | 0.01601      | 0.01491     | 0.06311        | 0.9307                 | 0.004319     | 498.85  | -480179.300501 |
| JOEUSDT      | 0.0003194     | 0.0005398   | 0.07581      | 40.12         | 0.01839      | 0.01651     | 0.09425        | 0.9325                 | 0.009463     | 86.49   | -480179.242251 |
| GMTUSDT      | 0.000393      | 0.0005306   | 0.08652      | 76.18         | 0.02081      | 0.03891     | 0.5348         | 0.7779                 | 0.02709      | 465.83  | -415617.967174 |
| BAKEUSDT     | 0.0005934     | 0.0005183   | 0.09588      | 54.27         | 0.02717      | 0.04081     | 0.5098         | 0.7254                 | 0.03001      | 765.71  | -364312.988942 |
| LPTUSDT      | 0.0003723     | 0.0004921   | 0.03377      | 41.45         | 0.01726      | 0.01617     | 0.07625        | 0.8961                 | 0.005116     | 589.85  | -480179.300372 |
| BTCUSDT      | 0.000166      | 0.00048     | 0.02267      | 82.08         | 0.008505     | 0.008024    | 0.07361        | 0.9159                 | 0.002662     | 1270.0  | -480179.300166 |
| BTCDOMUSDT   | 0.0003281     | 0.0004563   | 0.1499       | 76.1          | 0.008831     | 0.008206    | 0.04995        | 0.9402                 | 0.006341     | 732.85  | -480178.501763 |
| PERPUSDT     | 0.0007576     | 0.0004172   | 0.05617      | 42.82         | 0.01568      | 0.01476     | 0.07006        | 0.9433                 | 0.005826     | 109.5   | -480179.300758 |
| USDCUSDT     | 2.092e-08     | 2.092e-07   | 8.036e-06    | 1.967         | 0.002268     | 0.0001249   | 0.0            | 1.0                    | 6.439e-07    | 103.29  | -480179.3      |
+--------------+---------------+-------------+--------------+---------------+--------------+-------------+----------------+------------------------+--------------+---------+----------------+

+--------------------------------------------------------------------------------------------------------------------------------------------------------------------------------------------+
|                                                                                           short                                                                                            |
+--------------+---------------+-------------+--------------+---------------+--------------+-------------+----------------+------------------------+--------------+---------+----------------+
| symbol       | adg_w_per_exp | adg_per_exp | exp_rts_mean | hrs_stuck_max | pa_dist_mean | pa_dist_std | loss_profit_rt | eqbal_rt_10_worst_mean | eqbal_rt_std | n_days  | score          |
+--------------+---------------+-------------+--------------+---------------+--------------+-------------+----------------+------------------------+--------------+---------+----------------+
| ANKRUSDT     | 0.002135      | 0.003371    | 0.06927      | 56.32         | 0.01071      | 0.01304     | 0.02704        | 0.7463                 | 0.01108      | 878.71  | -230179.302135 |
| TRUUSDT      | 0.004827      | 0.003237    | 0.06492      | 78.73         | 0.009674     | 0.01774     | 0.04053        | 0.8112                 | 0.01612      | 108.5   | -230179.304827 |
| HBARUSDT     | 0.001511      | 0.003199    | 0.06594      | 62.72         | 0.008005     | 0.01384     | 0.04879        | 0.7402                 | 0.01226      | 828.71  | -230179.301511 |
| NKNUSDT      | 0.002         | 0.002651    | 0.06934      | 50.9          | 0.01552      | 0.01964     | 0.06586        | 0.6702                 | 0.01999      | 805.71  | -230179.302    |
| AGIXUSDT     | 0.00254       | 0.002549    | 0.06408      | 78.8          | 0.01193      | 0.01614     | 0.01618        | 0.7944                 | 0.01436      | 127.4   | -230179.30254  |
| CELRUSDT     | 0.002055      | 0.002543    | 0.06849      | 58.12         | 0.0121       | 0.01695     | 0.01338        | 0.7237                 | 0.01447      | 816.71  | -230179.302055 |
| CHZUSDT      | 0.002631      | 0.002538    | 0.06791      | 50.82         | 0.009617     | 0.009595    | 0.01784        | 0.9201                 | 0.004164     | 883.71  | -230179.302631 |
| 1000LUNCUSDT | 0.002328      | 0.002522    | 0.05375      | 44.3          | 0.008163     | 0.01664     | 0.04871        | 0.7863                 | 0.01473      | 287.46  | -230179.302328 |
| GRTUSDT      | 0.001926      | 0.00249     | 0.06991      | 46.52         | 0.01451      | 0.01779     | 0.02849        | 0.7038                 | 0.01672      | 916.71  | -230179.301926 |
| OCEANUSDT    | 0.002314      | 0.002458    | 0.06852      | 60.88         | 0.01215      | 0.01448     | 0.04862        | 0.7975                 | 0.01259      | 962.71  | -230179.302314 |
| LITUSDT      | 0.002217      | 0.002425    | 0.06903      | 67.97         | 0.01472      | 0.0127      | 0.01536        | 0.8635                 | 0.006172     | 855.71  | -230179.302217 |
| COCOSUSDT    | 0.0004393     | 0.002398    | 0.02265      | 46.35         | 0.01045      | 0.008416    | 0.02033        | 0.9507                 | 0.003252     | 122.38  | -230179.300439 |
| BLZUSDT      | 0.001938      | 0.002363    | 0.06973      | 85.52         | 0.01391      | 0.0151      | 0.04198        | 0.7891                 | 0.01208      | 1009.7  | -230179.301938 |
| BLURUSDT     | 0.003557      | 0.002318    | 0.03668      | 39.17         | 0.006542     | 0.007999    | 0.03175        | 0.942                  | 0.005682     | 56.5    | -230179.303557 |
| STMXUSDT     | 0.001505      | 0.002317    | 0.06883      | 92.7          | 0.01031      | 0.01371     | 0.01751        | 0.835                  | 0.01115      | 823.71  | -230179.301505 |
| RSRUSDT      | 0.001503      | 0.002306    | 0.06953      | 77.38         | 0.01467      | 0.01547     | 0.02453        | 0.8268                 | 0.01183      | 977.7   | -230179.301503 |
| LQTYUSDT     | 0.002778      | 0.002292    | 0.06359      | 57.53         | 0.0146       | 0.01856     | 0.00371        | 0.9392                 | 0.005272     | 105.5   | -230179.302778 |
| CRVUSDT      | 0.001769      | 0.002285    | 0.06987      | 50.85         | 0.01249      | 0.01793     | 0.02658        | 0.6877                 | 0.01613      | 1025.71 | -230179.301769 |
| RENUSDT      | 0.002775      | 0.00227     | 0.06993      | 51.73         | 0.01709      | 0.01787     | 0.03292        | 0.7454                 | 0.01484      | 983.71  | -230179.302775 |
| EDUUSDT      | 0.003684      | 0.002232    | 0.03857      | 50.22         | 0.009803     | 0.007919    | 0.02558        | 0.9666                 | 0.003382     | 54.5    | -230179.303684 |
| ALGOUSDT     | 0.001128      | 0.002231    | 0.07         | 66.1          | 0.01199      | 0.01618     | 0.03813        | 0.6812                 | 0.01521      | 1102.62 | -230179.301128 |
| TRBUSDT      | 0.001704      | 0.002228    | 0.06697      | 56.33         | 0.01044      | 0.01275     | 0.01351        | 0.8154                 | 0.01037      | 1023.71 | -230179.301704 |
| RDNTUSDT     | 0.002535      | 0.002221    | 0.04637      | 30.83         | 0.008929     | 0.00861     | 0.01243        | 0.9884                 | 0.001363     | 79.5    | -230179.302535 |
| SUSHIUSDT    | 0.002287      | 0.002215    | 0.06985      | 54.77         | 0.01273      | 0.01538     | 0.01812        | 0.7088                 | 0.01189      | 1022.71 | -230179.302287 |
| REEFUSDT     | 0.001995      | 0.002184    | 0.06984      | 85.77         | 0.009906     | 0.01281     | 0.008994       | 0.8373                 | 0.01014      | 851.7   | -230179.301995 |
| AVAXUSDT     | 0.001607      | 0.00215     | 0.06715      | 78.58         | 0.01293      | 0.01766     | 0.005516       | 0.7154                 | 0.01502      | 1003.71 | -230179.301607 |
| FLMUSDT      | 0.001565      | 0.002146    | 0.06915      | 83.18         | 0.0159       | 0.01773     | 0.03388        | 0.5203                 | 0.01608      | 997.71  | -230179.301565 |
| OGNUSDT      | 0.002492      | 0.002132    | 0.06988      | 80.35         | 0.01085      | 0.01154     | 0.002647       | 0.8936                 | 0.004892     | 813.71  | -230179.302492 |
| RLCUSDT      | 0.001837      | 0.002124    | 0.06869      | 80.5          | 0.01346      | 0.01664     | 0.008627       | 0.8312                 | 0.01305      | 1057.71 | -230179.301837 |
| ENJUSDT      | 0.001696      | 0.002108    | 0.07         | 56.88         | 0.01253      | 0.01719     | 0.02689        | 0.7933                 | 0.01552      | 997.71  | -230179.301696 |
| ALICEUSDT    | 0.001881      | 0.002094    | 0.0692       | 56.45         | 0.01449      | 0.01459     | 0.02037        | 0.8322                 | 0.009355     | 829.87  | -230179.301881 |
| NEARUSDT     | 0.001356      | 0.002045    | 0.05609      | 53.35         | 0.01366      | 0.01472     | 0.02374        | 0.8466                 | 0.01005      | 981.66  | -230179.301356 |
| CHRUSDT      | 0.001933      | 0.002029    | 0.06973      | 71.42         | 0.01336      | 0.01533     | 0.02612        | 0.7283                 | 0.01174      | 833.71  | -230179.301933 |
| XEMUSDT      | 0.001463      | 0.002021    | 0.06982      | 59.77         | 0.00865      | 0.01249     | 0.01646        | 0.7759                 | 0.0112       | 842.71  | -230179.301463 |
| ACHUSDT      | 0.002303      | 0.002017    | 0.05617      | 25.85         | 0.00938      | 0.009619    | 0.01634        | 0.9781                 | 0.002118     | 121.39  | -230179.302303 |
| ZRXUSDT      | 0.001673      | 0.002017    | 0.06894      | 57.02         | 0.01237      | 0.01431     | 0.03695        | 0.7407                 | 0.01151      | 1094.62 | -230179.301673 |
| GALUSDT      | 0.00176       | 0.001966    | 0.05848      | 59.22         | 0.01028      | 0.01088     | 0.01804        | 0.9076                 | 0.00613      | 414.41  | -230179.30176  |
| SKLUSDT      | 0.001849      | 0.001938    | 0.06999      | 81.98         | 0.01398      | 0.01917     | 0.01987        | 0.7505                 | 0.01603      | 927.68  | -230179.301849 |
| AMBUSDT      | 0.002247      | 0.001922    | 0.03073      | 49.02         | 0.008466     | 0.007871    | 0.00185        | 0.9828                 | 0.001503     | 85.5    | -230179.302247 |
| ONTUSDT      | 0.001471      | 0.001919    | 0.07         | 55.17         | 0.01212      | 0.01809     | 0.04074        | 0.6646                 | 0.01763      | 1228.66 | -230179.301471 |
| GTCUSDT      | 0.0007979     | 0.001863    | 0.06206      | 93.78         | 0.0174       | 0.01969     | 0.0771         | 0.5345                 | 0.01922      | 742.85  | -230179.300798 |
| IOTAUSDT     | 0.00136       | 0.001861    | 0.06924      | 71.88         | 0.007553     | 0.01165     | 0.003383       | 0.8231                 | 0.009032     | 1227.66 | -230179.30136  |
| KAVAUSDT     | 0.001597      | 0.001829    | 0.06332      | 59.75         | 0.01535      | 0.01826     | 0.05766        | 0.6867                 | 0.01436      | 1060.7  | -230179.301597 |
| ICXUSDT      | 0.001817      | 0.001819    | 0.07         | 61.57         | 0.016        | 0.01579     | 0.05348        | 0.7213                 | 0.0119       | 1011.71 | -230179.301817 |
| ALPHAUSDT    | 0.001704      | 0.0018      | 0.06408      | 51.82         | 0.01585      | 0.01488     | 0.02135        | 0.7822                 | 0.00946      | 942.71  | -230179.301704 |
| ATOMUSDT     | 0.0009516     | 0.001767    | 0.05898      | 28.38         | 0.009577     | 0.01245     | 0.03682        | 0.7775                 | 0.01253      | 1232.49 | -230179.300952 |
| HOTUSDT      | 0.001426      | 0.001754    | 0.0695       | 59.02         | 0.01139      | 0.01334     | 0.05238        | 0.8617                 | 0.01058      | 815.71  | -230179.301426 |
| MTLUSDT      | 0.00206       | 0.001751    | 0.06976      | 49.65         | 0.01374      | 0.01951     | 0.02166        | 0.6693                 | 0.01933      | 814.71  | -230179.30206  |
| HFTUSDT      | 0.002278      | 0.001747    | 0.06479      | 36.12         | 0.008872     | 0.008353    | 0.02146        | 0.9752                 | 0.002403     | 78.5    | -230179.302278 |
| ZENUSDT      | 0.001745      | 0.001738    | 0.06997      | 61.62         | 0.01585      | 0.01536     | 0.01883        | 0.8211                 | 0.008833     | 941.71  | -230179.301745 |
| FTMUSDT      | 0.001078      | 0.001735    | 0.05338      | 55.02         | 0.0163       | 0.01758     | 0.01884        | 0.762                  | 0.01326      | 1002.71 | -230179.301078 |
| KNCUSDT      | 0.001362      | 0.001718    | 0.06917      | 47.72         | 0.01679      | 0.01645     | 0.07484        | 0.7806                 | 0.01378      | 1096.63 | -230179.301362 |
| SFPUSDT      | 0.001991      | 0.001714    | 0.06999      | 83.73         | 0.01373      | 0.01865     | 0.01328        | 0.6293                 | 0.01155      | 849.71  | -230179.301991 |
| EOSUSDT      | 0.001219      | 0.001688    | 0.06913      | 75.95         | 0.009531     | 0.012       | 0.04171        | 0.7339                 | 0.009783     | 1262.66 | -230179.301219 |
| LEVERUSDT    | 0.002168      | 0.001688    | 0.02425      | 45.3          | 0.005944     | 0.004684    | 0.04323        | 0.9757                 | 0.001804     | 85.49   | -230179.302168 |
| YFIUSDT      | 0.001688      | 0.001675    | 0.06953      | 71.9          | 0.01388      | 0.01816     | 0.01014        | 0.7579                 | 0.01283      | 1026.71 | -230179.301688 |
| LUNA2USDT    | 0.001454      | 0.001672    | 0.05539      | 37.63         | 0.01153      | 0.01021     | 0.0339         | 0.9351                 | 0.003539     | 286.87  | -230179.301454 |
| DARUSDT      | 0.001555      | 0.001629    | 0.05518      | 43.65         | 0.007114     | 0.008       | 0.01395        | 0.8819                 | 0.005698     | 420.85  | -230179.301555 |
| BELUSDT      | 0.001624      | 0.001619    | 0.06824      | 63.52         | 0.01816      | 0.01921     | 0.0536         | 0.6693                 | 0.01434      | 947.71  | -230179.301624 |
| ASTRUSDT     | 0.001976      | 0.001613    | 0.0618       | 49.37         | 0.00857      | 0.008976    | 0.0008384      | 0.9698                 | 0.002947     | 129.89  | -230179.301976 |
| NEOUSDT      | 0.001421      | 0.00161     | 0.069        | 83.87         | 0.0119       | 0.01196     | 0.04017        | 0.8549                 | 0.00966      | 1222.63 | -230179.301421 |
| HIGHUSDT     | 0.002186      | 0.00159     | 0.06187      | 34.82         | 0.01729      | 0.01547     | 0.05043        | 0.8813                 | 0.01123      | 136.89  | -230179.302186 |
| ENSUSDT      | 0.001426      | 0.001579    | 0.06758      | 65.37         | 0.01159      | 0.01506     | 0.01214        | 0.8404                 | 0.01165      | 570.85  | -230179.301426 |
| PERPUSDT     | 0.001493      | 0.001564    | 0.06844      | 58.4          | 0.008244     | 0.007154    | 0.006963       | 0.9712                 | 0.002715     | 109.5   | -230179.301493 |
| BATUSDT      | 0.001486      | 0.001557    | 0.06919      | 59.77         | 0.01522      | 0.0138      | 0.01778        | 0.8877                 | 0.006154     | 1226.66 | -230179.301486 |
| SNXUSDT      | 0.001644      | 0.001548    | 0.0696       | 58.23         | 0.01563      | 0.01942     | 0.008327       | 0.7404                 | 0.01428      | 1043.7  | -230179.301644 |
| XTZUSDT      | 0.001031      | 0.001543    | 0.05983      | 39.37         | 0.009613     | 0.01159     | 0.02354        | 0.836                  | 0.009708     | 1233.66 | -230179.301031 |
| CKBUSDT      | 0.001654      | 0.001541    | 0.04833      | 35.25         | 0.007006     | 0.006634    | 0.008647       | 0.9785                 | 0.001688     | 115.5   | -230179.301654 |
| ROSEUSDT     | 0.001203      | 0.001531    | 0.06919      | 67.47         | 0.0127       | 0.01526     | 0.03317        | 0.8524                 | 0.01244      | 539.85  | -230179.301203 |
| COTIUSDT     | 0.001439      | 0.00153     | 0.06974      | 43.3          | 0.01539      | 0.01536     | 0.03351        | 0.8592                 | 0.008683     | 835.71  | -230179.301439 |
| UNIUSDT      | 0.001468      | 0.001526    | 0.06866      | 52.77         | 0.009032     | 0.01044     | 0.01185        | 0.8642                 | 0.007299     | 1008.71 | -230179.301468 |
| JASMYUSDT    | 0.001656      | 0.001525    | 0.04404      | 80.63         | 0.01183      | 0.01313     | 0.005272       | 0.9029                 | 0.005329     | 429.85  | -230179.301656 |
| SANDUSDT     | 0.001703      | 0.001516    | 0.07         | 46.97         | 0.01249      | 0.01822     | 0.02636        | 0.775                  | 0.01488      | 879.71  | -230179.301703 |
| CTKUSDT      | 0.002286      | 0.001506    | 0.07         | 56.82         | 0.0162       | 0.01849     | 0.008357       | 0.8329                 | 0.005173     | 946.71  | -230179.302286 |
| ONEUSDT      | 0.001338      | 0.001496    | 0.06996      | 47.85         | 0.01503      | 0.01737     | 0.03389        | 0.7775                 | 0.01359      | 827.71  | -230179.301338 |
| COMPUSDT     | 0.001966      | 0.001491    | 0.0698       | 57.92         | 0.01788      | 0.01961     | 0.0432         | 0.7101                 | 0.01358      | 1088.62 | -230179.301966 |
| MANAUSDT     | 0.001292      | 0.00149     | 0.06427      | 38.9          | 0.008142     | 0.00974     | 0.007167       | 0.8653                 | 0.007102     | 830.71  | -230179.301292 |
| PHBUSDT      | 0.001823      | 0.001488    | 0.03242      | 81.9          | 0.01261      | 0.01222     | 0.004538       | 0.9676                 | 0.002453     | 127.39  | -230179.301823 |
| FETUSDT      | 0.001505      | 0.001456    | 0.02513      | 42.85         | 0.008099     | 0.008034    | 0.002192       | 0.9835                 | 0.001201     | 157.89  | -230179.301505 |
| PEOPLEUSDT   | 0.001331      | 0.001452    | 0.05763      | 33.25         | 0.01576      | 0.01981     | 0.06761        | 0.7047                 | 0.01337      | 546.83  | -230179.301331 |
| DYDXUSDT     | 0.001296      | 0.001449    | 0.06226      | 49.53         | 0.01134      | 0.01905     | 0.04859        | 0.7644                 | 0.01662      | 651.85  | -230179.301296 |
| DOTUSDT      | 0.001326      | 0.001448    | 0.06938      | 41.42         | 0.008792     | 0.0108      | 0.02435        | 0.8551                 | 0.008295     | 1035.71 | -230179.301326 |
| LRCUSDT      | 0.001191      | 0.001438    | 0.0647       | 51.57         | 0.01747      | 0.01912     | 0.08884        | 0.7191                 | 0.01259      | 977.7   | -230179.301191 |
| OMGUSDT      | 0.001317      | 0.001431    | 0.06986      | 25.97         | 0.01679      | 0.01808     | 0.0778         | 0.8413                 | 0.01109      | 1086.62 | -230179.301317 |
| MINAUSDT     | 0.001897      | 0.001429    | 0.04828      | 76.65         | 0.01258      | 0.01239     | 0.01797        | 0.9729                 | 0.002098     | 136.54  | -230179.301897 |
| XVSUSDT      | 0.001662      | 0.001429    | 0.05372      | 85.55         | 0.00886      | 0.007174    | 0.04187        | 0.9709                 | 0.00272      | 71.89   | -230179.301662 |
| DOGEUSDT     | 0.001168      | 0.001411    | 0.0556       | 77.42         | 0.01062      | 0.01789     | 0.0504         | 0.6786                 | 0.01517      | 1078.62 | -230179.301168 |
| BNXUSDT      | 0.001918      | 0.00141     | 0.0528       | 70.57         | 0.01057      | 0.009738    | 0.02982        | 0.9768                 | 0.002227     | 121.38  | -230179.301918 |
| HOOKUSDT     | 0.001343      | 0.001407    | 0.06551      | 47.75         | 0.01751      | 0.017       | 0.01933        | 0.8823                 | 0.01032      | 151.87  | -230179.301343 |
| 1INCHUSDT    | 0.001397      | 0.001406    | 0.06915      | 50.55         | 0.01478      | 0.01465     | 0.03008        | 0.8196                 | 0.009187     | 910.58  | -230179.301397 |
| QTUMUSDT     | 0.001399      | 0.001405    | 0.06881      | 47.57         | 0.0101       | 0.01256     | 0.01133        | 0.7914                 | 0.009689     | 1219.66 | -230179.301399 |
| DENTUSDT     | 0.001436      | 0.001404    | 0.06998      | 26.18         | 0.01484      | 0.01893     | 0.03644        | 0.7273                 | 0.01789      | 821.83  | -230179.301436 |
| DGBUSDT      | 0.001349      | 0.001398    | 0.06903      | 46.52         | 0.01158      | 0.01153     | 0.05452        | 0.7954                 | 0.007999     | 793.85  | -230179.301349 |
| STORJUSDT    | 0.00152       | 0.001373    | 0.06806      | 39.62         | 0.01745      | 0.01847     | 0.03743        | 0.7686                 | 0.009649     | 1010.7  | -230179.30152  |
| SSVUSDT      | 0.001983      | 0.001371    | 0.05384      | 78.33         | 0.01464      | 0.01309     | 0.01829        | 0.9409                 | 0.004526     | 119.5   | -230179.301983 |
| MATICUSDT    | 0.001274      | 0.00137     | 0.0676       | 40.67         | 0.01337      | 0.01695     | 0.03046        | 0.8069                 | 0.01251      | 974.71  | -230179.301274 |
| IOSTUSDT     | 0.001436      | 0.001369    | 0.06997      | 75.73         | 0.01416      | 0.01627     | 0.01018        | 0.8196                 | 0.008241     | 1218.66 | -230179.301436 |
| IDUSDT       | 0.001278      | 0.001355    | 0.02064      | 36.48         | 0.007976     | 0.007743    | 0.00189        | 0.9838                 | 0.001399     | 92.39   | -230179.301278 |
| FXSUSDT      | 0.001563      | 0.001343    | 0.06767      | 52.35         | 0.01593      | 0.01441     | 0.01725        | 0.9608                 | 0.004175     | 154.87  | -230179.301563 |
| LINAUSDT     | 0.001867      | 0.001325    | 0.03525      | 69.47         | 0.01414      | 0.02        | 0.04385        | 0.6702                 | 0.01666      | 826.71  | -230179.301867 |
| JOEUSDT      | 0.001254      | 0.00132     | 0.06531      | 46.95         | 0.01544      | 0.01227     | 0.06114        | 0.9607                 | 0.004322     | 86.49   | -230179.301254 |
| SOLUSDT      | 0.001105      | 0.00132     | 0.04399      | 39.62         | 0.01533      | 0.01496     | 0.02616        | 0.8942                 | 0.005086     | 1012.71 | -230179.301105 |
| ATAUSDT      | 0.001162      | 0.001301    | 0.06915      | 46.7          | 0.01377      | 0.01245     | 0.0284         | 0.9025                 | 0.005414     | 661.85  | -230179.301162 |
| TLMUSDT      | 0.001955      | 0.001293    | 0.0428       | 37.87         | 0.006797     | 0.00623     | 0.008156       | 0.992                  | 0.000881     | 85.48   | -230179.301955 |
| TOMOUSDT     | 0.002048      | 0.001277    | 0.06593      | 63.28         | 0.02         | 0.01931     | 0.08699        | 0.7744                 | 0.01095      | 984.71  | -230179.302048 |
| BAKEUSDT     | 0.001257      | 0.001269    | 0.05878      | 53.87         | 0.01636      | 0.01978     | 0.0683         | 0.6134                 | 0.01748      | 765.71  | -230179.301257 |
| GMXUSDT      | 0.002271      | 0.001265    | 0.06087      | 46.77         | 0.00979      | 0.008968    | 0.04522        | 0.9697                 | 0.002666     | 126.39  | -230179.302271 |
| ZECUSDT      | 0.001339      | 0.001261    | 0.06944      | 54.78         | 0.01234      | 0.01635     | 0.02875        | 0.6641                 | 0.01387      | 1234.66 | -230179.301339 |
| UNFIUSDT     | 0.001297      | 0.001258    | 0.06816      | 50.8          | 0.01459      | 0.01939     | 0.03659        | 0.7555                 | 0.0113       | 854.71  | -230179.301297 |
| DASHUSDT     | 0.001237      | 0.001255    | 0.06902      | 54.02         | 0.0117       | 0.01363     | 0.01925        | 0.7046                 | 0.01023      | 1235.66 | -230179.301237 |
| IMXUSDT      | 0.00128       | 0.001254    | 0.05543      | 43.78         | 0.01808      | 0.01994     | 0.01621        | 0.8882                 | 0.007597     | 497.85  | -230179.30128  |
| ARPAUSDT     | 0.001368      | 0.001253    | 0.06306      | 56.63         | 0.01078      | 0.01181     | 0.02172        | 0.8668                 | 0.007346     | 612.85  | -230179.301368 |
| EGLDUSDT     | 0.001064      | 0.001239    | 0.06633      | 44.17         | 0.009505     | 0.01395     | 0.04731        | 0.8075                 | 0.0105       | 1012.71 | -230179.301064 |
| API3USDT     | 0.001319      | 0.001235    | 0.06571      | 91.43         | 0.01438      | 0.01891     | 0.01506        | 0.7492                 | 0.01271      | 486.85  | -230179.301319 |
| DUSKUSDT     | 0.001178      | 0.001225    | 0.06517      | 53.47         | 0.01309      | 0.01555     | 0.01387        | 0.822                  | 0.009203     | 532.85  | -230179.301178 |
| KSMUSDT      | 0.0013        | 0.001217    | 0.06936      | 73.4          | 0.01686      | 0.0174      | 0.04697        | 0.8671                 | 0.01034      | 982.71  | -230179.3013   |
| INJUSDT      | 0.00106       | 0.001213    | 0.03589      | 40.58         | 0.01109      | 0.01014     | 0.03367        | 0.938                  | 0.004573     | 310.88  | -230179.30106  |
| THETAUSDT    | 0.001207      | 0.0012      | 0.06741      | 69.45         | 0.01502      | 0.018       | 0.02937        | 0.8035                 | 0.01272      | 1122.66 | -230179.301207 |
| CELOUSDT     | 0.001274      | 0.001191    | 0.05445      | 22.87         | 0.01283      | 0.01171     | 0.03584        | 0.8768                 | 0.005031     | 634.85  | -230179.301274 |
| XMRUSDT      | 0.0006669     | 0.001191    | 0.06998      | 63.8          | 0.009652     | 0.01462     | 0.03481        | 0.8197                 | 0.01288      | 1236.66 | -230179.300667 |
| BALUSDT      | 0.001044      | 0.00118     | 0.06946      | 86.28         | 0.01782      | 0.01968     | 0.04851        | 0.8167                 | 0.01194      | 1025.71 | -230179.301044 |
| VETUSDT      | 0.0009879     | 0.001172    | 0.06195      | 78.72         | 0.01464      | 0.01915     | 0.05921        | 0.7218                 | 0.01613      | 1225.66 | -230179.300988 |
| SXPUSDT      | 0.001283      | 0.00117     | 0.05169      | 70.47         | 0.01996      | 0.01916     | 0.07461        | 0.8442                 | 0.007609     | 1067.62 | -230179.301283 |
| LINKUSDT     | 0.001059      | 0.001158    | 0.06973      | 63.9          | 0.01432      | 0.01383     | 0.02567        | 0.8315                 | 0.008566     | 1253.66 | -230179.301059 |
| GALAUSDT     | 0.0001698     | 0.001156    | 0.3121       | 46.77         | 0.1251       | 0.1886      | 0.2457         | -0.6146                | 0.361        | 643.85  | 4260666.66911  |
| BANDUSDT     | 0.001164      | 0.001141    | 0.06575      | 48.7          | 0.01551      | 0.0177      | 0.02633        | 0.8098                 | 0.01248      | 1059.71 | -230179.301164 |
| LDOUSDT      | 0.0008674     | 0.001139    | 0.05019      | 71.63         | 0.01271      | 0.01557     | 0.04398        | 0.8236                 | 0.01137      | 274.5   | -230179.300867 |
| SPELLUSDT    | 0.001285      | 0.001114    | 0.05833      | 36.55         | 0.008139     | 0.00736     | 0.04695        | 0.9648                 | 0.002574     | 290.5   | -230179.301285 |
| LPTUSDT      | 0.0009724     | 0.001106    | 0.05622      | 68.8          | 0.0152       | 0.01672     | 0.04021        | 0.8537                 | 0.0073       | 589.85  | -230179.300972 |
| LTCUSDT      | 0.001045      | 0.001089    | 0.06851      | 53.88         | 0.01259      | 0.01418     | 0.05496        | 0.7679                 | 0.01121      | 1261.66 | -230179.301045 |
| STXUSDT      | 0.001496      | 0.001083    | 0.0629       | 19.5          | 0.01866      | 0.01782     | 0.04415        | 0.9114                 | 0.007624     | 122.39  | -230179.301496 |
| ADAUSDT      | 0.0006141     | 0.00108     | 0.06664      | 78.85         | 0.01375      | 0.01895     | 0.09388        | 0.7485                 | 0.01784      | 1239.66 | -230179.300614 |
| DEFIUSDT     | 0.001263      | 0.001068    | 0.06994      | 78.65         | 0.01703      | 0.01772     | 0.03265        | 0.8659                 | 0.007095     | 1029.71 | -230179.301263 |
| APEUSDT      | 0.0007893     | 0.001036    | 0.05839      | 39.38         | 0.01439      | 0.01683     | 0.07692        | 0.8104                 | 0.01226      | 463.37  | -230179.300789 |
| C98USDT      | 0.0008275     | 0.001033    | 0.03545      | 78.68         | 0.01723      | 0.01728     | 0.09339        | 0.7734                 | 0.007661     | 668.85  | -230179.300827 |
| CTSIUSDT     | 0.0009675     | 0.001029    | 0.05924      | 50.62         | 0.01528      | 0.01858     | 0.0704         | 0.813                  | 0.01503      | 605.85  | -230179.300967 |
| WOOUSDT      | 0.001167      | 0.001028    | 0.06069      | 34.82         | 0.01614      | 0.01534     | 0.0341         | 0.9102                 | 0.005698     | 441.85  | -230179.301167 |
| APTUSDT      | 0.0004317     | 0.001012    | 0.04065      | 49.7          | 0.01811      | 0.01932     | 0.09529        | 0.8704                 | 0.01005      | 247.92  | -230179.300432 |
| ZILUSDT      | 0.0006929     | 0.0009912   | 0.0393       | 56.47         | 0.00983      | 0.01662     | 0.02045        | 0.7705                 | 0.01537      | 1100.62 | -230179.300693 |
| RVNUSDT      | 0.001041      | 0.0009768   | 0.06564      | 46.62         | 0.01485      | 0.01569     | 0.03768        | 0.8056                 | 0.008881     | 850.71  | -230179.301041 |
| BCHUSDT      | 0.001094      | 0.0009756   | 0.06262      | 55.87         | 0.01308      | 0.01447     | 0.04829        | 0.8998                 | 0.004923     | 1270.0  | -230179.301094 |
| ARUSDT       | 0.0009862     | 0.0009744   | 0.06237      | 33.5          | 0.01671      | 0.01887     | 0.04233        | 0.8069                 | 0.01376      | 633.85  | -230179.300986 |
| TRXUSDT      | 0.0009134     | 0.0009733   | 0.06979      | 55.78         | 0.01056      | 0.01053     | 0.01981        | 0.8818                 | 0.005885     | 1255.66 | -230179.300913 |
| FOOTBALLUSDT | 0.0007298     | 0.0009536   | 0.04137      | 63.05         | 0.008304     | 0.009045    | 0.06273        | 0.9282                 | 0.003695     | 295.87  | -230179.30073  |
| FLOWUSDT     | 0.00116       | 0.0009507   | 0.05539      | 44.55         | 0.0128       | 0.01311     | 0.02846        | 0.9516                 | 0.003602     | 498.85  | -230179.30116  |
| 1000XECUSDT  | 0.001125      | 0.0009432   | 0.06498      | 54.55         | 0.01269      | 0.01614     | 0.02738        | 0.9246                 | 0.005456     | 644.85  | -230179.301125 |
| TUSDT        | 0.001353      | 0.0009205   | 0.03288      | 48.08         | 0.008211     | 0.008501    | 0.04858        | 0.9719                 | 0.0019       | 142.46  | -230179.301353 |
| AAVEUSDT     | 0.0005568     | 0.0009118   | 0.05882      | 53.5          | 0.0125       | 0.01902     | 0.03399        | 0.7456                 | 0.01788      | 980.71  | -230179.300557 |
| STGUSDT      | 0.0003997     | 0.0009068   | 0.05274      | 60.97         | 0.01106      | 0.01493     | 0.03418        | 0.8811                 | 0.01144      | 302.5   | -230179.3004   |
| IOTXUSDT     | 0.0008388     | 0.0008584   | 0.04981      | 61.97         | 0.01551      | 0.018       | 0.06793        | 0.7299                 | 0.01028      | 680.85  | -230179.300839 |
| XRPUSDT      | 0.0007453     | 0.0008522   | 0.06989      | 76.63         | 0.01569      | 0.01786     | 0.04395        | 0.8361                 | 0.01244      | 1264.65 | -230179.300745 |
| MKRUSDT      | 0.001034      | 0.0008418   | 0.06752      | 53.38         | 0.01771      | 0.01948     | 0.08639        | 0.8435                 | 0.01356      | 1044.71 | -230179.301034 |
| XLMUSDT      | 0.0008324     | 0.0008168   | 0.07         | 37.55         | 0.0172       | 0.01761     | 0.06764        | 0.829                  | 0.01305      | 1250.66 | -230179.300832 |
| RNDRUSDT     | 0.0005758     | 0.0008012   | 0.03519      | 54.57         | 0.02183      | 0.01903     | 0.04199        | 0.9304                 | 0.00534      | 140.89  | -230177.47384  |
| ARBUSDT      | 0.001081      | 0.0007946   | 0.06397      | 20.55         | 0.01673      | 0.01585     | 0.06189        | 0.9542                 | 0.004708     | 92.37   | -230179.301081 |
| RUNEUSDT     | 0.000859      | 0.0007923   | 0.05908      | 44.0          | 0.01735      | 0.01971     | 0.02236        | 0.7369                 | 0.01323      | 1022.7  | -230179.300859 |
| CFXUSDT      | 0.0003491     | 0.0007857   | 0.04673      | 49.53         | 0.01959      | 0.02129     | 0.05444        | 0.9141                 | 0.009434     | 123.39  | -230166.436036 |
| ETCUSDT      | 0.000514      | 0.0007855   | 0.04218      | 61.63         | 0.01004      | 0.01459     | 0.03267        | 0.7033                 | 0.0116       | 1254.66 | -230179.300514 |
| AXSUSDT      | 0.0003745     | 0.0007708   | 0.02819      | 88.28         | 0.01935      | 0.01912     | 0.05558        | 0.8758                 | 0.006551     | 945.7   | -230179.300375 |
| KLAYUSDT     | 0.0009104     | 0.0007659   | 0.07503      | 94.3          | 0.0137       | 0.01686     | 0.07946        | 0.8325                 | 0.01167      | 619.85  | -230179.250587 |
| MASKUSDT     | 0.0001005     | 0.0007488   | 0.3913       | 67.05         | 0.2085       | 0.2354      | 0.1034         | -1.517                 | 0.551        | 665.85  | 7049352.03411  |
| 1000SHIBUSDT | 0.0007479     | 0.0007435   | 0.03458      | 56.07         | 0.01318      | 0.01699     | 0.02772        | 0.8263                 | 0.008896     | 774.26  | -230179.300748 |
| OPUSDT       | 0.0006601     | 0.0007427   | 0.05936      | 58.05         | 0.02598      | 0.0332      | 0.1222         | 0.736                  | 0.02021      | 387.41  | -227822.279573 |
| ANTUSDT      | 0.0006649     | 0.0007237   | 0.08762      | 48.32         | 0.02112      | 0.0215      | 0.1019         | 0.7729                 | 0.01991      | 543.83  | -229977.299373 |
| CVXUSDT      | 0.0004961     | 0.0007215   | 0.06883      | 59.52         | 0.01144      | 0.01194     | 0.02907        | 0.8987                 | 0.008357     | 274.49  | -230179.300496 |
| FILUSDT      | 0.0006814     | 0.0007108   | 0.04261      | 56.78         | 0.01473      | 0.01993     | 0.03427        | 0.6404                 | 0.01467      | 980.75  | -230179.300681 |
| QNTUSDT      | 0.000972      | 0.0007107   | 0.05065      | 53.0          | 0.01195      | 0.01028     | 0.0963         | 0.9452                 | 0.003991     | 246.89  | -230179.300972 |
| ETHUSDT      | 0.0006572     | 0.0007031   | 0.07         | 59.53         | 0.01238      | 0.01401     | 0.03074        | 0.8616                 | 0.009229     | 1270.0  | -230179.300657 |
| MAGICUSDT    | 0.0006018     | 0.0006675   | 0.04892      | 50.15         | 0.01583      | 0.0178      | 0.03446        | 0.8657                 | 0.01044      | 149.87  | -230179.300602 |
| BLUEBIRDUSDT | 0.0008085     | 0.000634    | 0.1417       | 40.47         | 0.01283      | 0.0213      | 0.1023         | 0.8551                 | 0.02229      | 233.5   | -229938.756615 |
| BNBUSDT      | 0.0004336     | 0.0006334   | 0.06198      | 75.45         | 0.009604     | 0.01609     | 0.02095        | 0.6894                 | 0.01387      | 1229.66 | -230179.300434 |
| ICPUSDT      | 0.0004805     | 0.000607    | 0.04055      | 34.48         | 0.007873     | 0.006991    | 0.01063        | 0.9534                 | 0.003534     | 269.89  | -230179.30048  |
| WAVESUSDT    | 0.000433      | 0.00054     | 0.03187      | 51.27         | 0.01742      | 0.01986     | 0.07687        | 0.7379                 | 0.01153      | 1045.71 | -230179.300433 |
| GMTUSDT      | 6.071e-05     | 0.0005064   | 0.3939       | 87.35         | 0.1591       | 0.1784      | 0.1702         | -0.646                 | 0.3344       | 465.83  | 4018667.72901  |
| AUDIOUSDT    | 0.0003915     | 0.0004928   | 0.03124      | 51.05         | 0.01649      | 0.01657     | 0.06232        | 0.846                  | 0.006486     | 673.85  | -230179.300392 |
| BTCUSDT      | 0.0002108     | 0.0002535   | 0.02571      | 95.02         | 0.009026     | 0.008371    | 0.08996        | 0.8921                 | 0.004487     | 1270.0  | -230179.300211 |
| BTCDOMUSDT   | 8.24e-05      | 0.0002209   | 0.06125      | 84.0          | 0.007658     | 0.007165    | 0.1649         | 0.9392                 | 0.004219     | 732.85  | -223684.865    |
| USDCUSDT     | -2.738e-05    | -3.504e-05  | 0.9347       | 23.93         | 0.002291     | 0.002119    | 1.0            | 0.9958                 | 0.0006937    | 103.29  | -140170.652926 |
+--------------+---------------+-------------+--------------+---------------+--------------+-------------+----------------+------------------------+--------------+---------+----------------+

