# note: symbols with little price history are not optimized on their own; instead the best config from among the symbols with more price history is chosen.
+---------------------------------------------------------------------------------------------------------------------------------------------------------------------------------------------+
|                                                                                             long                                                                                            |
+---------------+---------------+-------------+--------------+---------------+--------------+-------------+----------------+------------------------+--------------+---------+----------------+
| symbol        | adg_w_per_exp | adg_per_exp | exp_rts_mean | hrs_stuck_max | pa_dist_mean | pa_dist_std | loss_profit_rt | eqbal_rt_10_worst_mean | eqbal_rt_std | n_days  | score          |
+---------------+---------------+-------------+--------------+---------------+--------------+-------------+----------------+------------------------+--------------+---------+----------------+
| YGGUSDT       | 0.04207       | 0.0132      | 0.03387      | 40.32         | 0.01885      | 0.01264     | 0.001138       | 0.9946                 | 0.004069     | 2.85    | -480179.342066 |
| WLDUSDT       | 0.005443      | 0.003475    | 0.06934      | 32.95         | 0.01417      | 0.009977    | 0.02251        | 0.9815                 | 0.003781     | 14.5    | -480179.305443 |
| AGLDUSDT      | 0.005042      | 0.003573    | 0.04503      | 21.18         | 0.007192     | 0.006606    | 0.008305       | 0.9968                 | 0.0008539    | 9.89    | -480179.305042 |
| ARKMUSDT      | 0.004717      | 0.002868    | 0.05696      | 9.067         | 0.007058     | 0.006548    | 0.003323       | 0.996                  | 0.001054     | 10.88   | -480179.304717 |
| MAVUSDT       | 0.003287      | 0.003004    | 0.05464      | 16.22         | 0.008937     | 0.007369    | 0.001142       | 0.991                  | 0.00158      | 39.5    | -480179.303287 |
| MDTUSDT       | 0.002777      | 0.002032    | 0.04979      | 28.5          | 0.01035      | 0.01194     | 0.00771        | 0.9905                 | 0.001414     | 38.5    | -480179.302777 |
| XVGUSDT       | 0.002589      | 0.001584    | 0.05808      | 20.8          | 0.01633      | 0.01265     | 0.009237       | 0.9782                 | 0.003035     | 33.5    | -480179.302589 |
| NMRUSDT       | 0.002258      | 0.001043    | 0.06421      | 24.97         | 0.007696     | 0.006732    | 0.02576        | 0.9919                 | 0.001295     | 46.5    | -480179.302258 |
| OMGUSDT       | 0.001993      | 0.002183    | 0.06959      | 61.8          | 0.01334      | 0.01632     | 0.04497        | 0.8736                 | 0.01027      | 1131.62 | -480179.301993 |
| 1000PEPEUSDT  | 0.001977      | 0.002215    | 0.05411      | 53.1          | 0.01545      | 0.01345     | 0.01614        | 0.9615                 | 0.003707     | 94.31   | -480179.301977 |
| SOLUSDT       | 0.001968      | 0.003129    | 0.0699       | 53.2          | 0.01229      | 0.0151      | 0.01023        | 0.8232                 | 0.009166     | 1056.71 | -480179.301968 |
| TOMOUSDT      | 0.001946      | 0.001786    | 0.06689      | 51.13         | 0.01615      | 0.01783     | 0.01874        | 0.8771                 | 0.009721     | 1028.71 | -480179.301946 |
| OCEANUSDT     | 0.001779      | 0.002266    | 0.06995      | 31.65         | 0.01736      | 0.01887     | 0.01708        | 0.8186                 | 0.01181      | 1006.71 | -480179.301779 |
| CELRUSDT      | 0.001768      | 0.002731    | 0.07         | 39.65         | 0.01498      | 0.01599     | 0.01162        | 0.8522                 | 0.009435     | 861.71  | -480179.301768 |
| NKNUSDT       | 0.001718      | 0.002078    | 0.06998      | 55.93         | 0.01137      | 0.01229     | 0.01299        | 0.8721                 | 0.007589     | 850.71  | -480179.301718 |
| HOTUSDT       | 0.001702      | 0.002301    | 0.06975      | 70.97         | 0.01057      | 0.01223     | 0.01917        | 0.8763                 | 0.007067     | 860.71  | -480179.301702 |
| SUIUSDT       | 0.001686      | 0.001086    | 0.06405      | 20.32         | 0.01445      | 0.01295     | 0.04098        | 0.9858                 | 0.001796     | 96.33   | -480179.301686 |
| RENUSDT       | 0.001684      | 0.001538    | 0.06999      | 55.27         | 0.01834      | 0.01943     | 0.03128        | 0.8061                 | 0.01177      | 1027.71 | -480179.301684 |
| BELUSDT       | 0.001676      | 0.001779    | 0.06633      | 53.75         | 0.01484      | 0.01951     | 0.02229        | 0.8105                 | 0.0106       | 991.71  | -480179.301676 |
| COTIUSDT      | 0.001664      | 0.003474    | 0.06947      | 40.1          | 0.01238      | 0.01858     | 0.02948        | 0.766                  | 0.01188      | 880.71  | -480179.301664 |
| RADUSDT       | 0.001652      | 0.0007048   | 0.04278      | 23.05         | 0.01316      | 0.01293     | 0.03226        | 0.9922                 | 0.001281     | 89.5    | -480179.301652 |
| GRTUSDT       | 0.001648      | 0.003129    | 0.06875      | 59.93         | 0.013        | 0.01896     | 0.03715        | 0.7577                 | 0.01225      | 960.71  | -480179.301648 |
| EGLDUSDT      | 0.001635      | 0.002249    | 0.06295      | 59.3          | 0.00932      | 0.01412     | 0.01709        | 0.8446                 | 0.008692     | 1056.71 | -480179.301635 |
| LRCUSDT       | 0.001608      | 0.002452    | 0.06651      | 28.57         | 0.01117      | 0.01266     | 0.03232        | 0.8626                 | 0.007983     | 1021.7  | -480179.301608 |
| DOGEUSDT      | 0.001604      | 0.003465    | 0.06985      | 66.03         | 0.008561     | 0.01332     | 0.04774        | 0.8375                 | 0.00871      | 1123.62 | -480179.301604 |
| COMBOUSDT     | 0.001595      | 0.00152     | 0.05806      | 28.73         | 0.01753      | 0.01444     | 0.04763        | 0.9675                 | 0.003334     | 66.5    | -480179.301595 |
| ENJUSDT       | 0.001591      | 0.001027    | 0.06812      | 79.48         | 0.01941      | 0.019       | 0.04352        | 0.8665                 | 0.008407     | 1041.71 | -480179.301591 |
| MTLUSDT       | 0.00159       | 0.001643    | 0.06957      | 40.97         | 0.01667      | 0.01929     | 0.0684         | 0.8069                 | 0.01287      | 859.71  | -480179.30159  |
| DENTUSDT      | 0.001582      | 0.00229     | 0.06997      | 57.37         | 0.01226      | 0.01616     | 0.0103         | 0.8254                 | 0.01002      | 866.83  | -480179.301582 |
| EDUUSDT       | 0.001573      | 0.001116    | 0.0698       | 18.33         | 0.01504      | 0.01402     | 0.03614        | 0.9683                 | 0.00412      | 99.5    | -480179.301573 |
| ALICEUSDT     | 0.001572      | 0.00226     | 0.06992      | 33.0          | 0.01104      | 0.01158     | 0.003294       | 0.8165                 | 0.006983     | 874.87  | -480179.301572 |
| LINKUSDT      | 0.001556      | 0.001934    | 0.06923      | 76.23         | 0.01289      | 0.01842     | 0.02251        | 0.8174                 | 0.01174      | 1298.66 | -480179.301556 |
| RNDRUSDT      | 0.00154       | 0.001591    | 0.06332      | 31.73         | 0.01332      | 0.01524     | 0.02167        | 0.9109                 | 0.008604     | 185.89  | -480179.30154  |
| BANDUSDT      | 0.001536      | 0.002002    | 0.0699       | 78.38         | 0.01537      | 0.01793     | 0.01233        | 0.7942                 | 0.01122      | 1104.71 | -480179.301536 |
| INJUSDT       | 0.001528      | 0.001792    | 0.06178      | 49.38         | 0.01311      | 0.01371     | 0.01468        | 0.9226                 | 0.006518     | 355.88  | -480179.301528 |
| WAVESUSDT     | 0.00152       | 0.002009    | 0.0685       | 29.98         | 0.01252      | 0.01713     | 0.02696        | 0.7995                 | 0.01216      | 1090.71 | -480179.30152  |
| AMBUSDT       | 0.001503      | 0.00133     | 0.06029      | 41.33         | 0.01623      | 0.01418     | 0.07429        | 0.9326                 | 0.004906     | 130.5   | -480179.301503 |
| RUNEUSDT      | 0.001496      | 0.001734    | 0.06638      | 55.63         | 0.01135      | 0.01476     | 0.01529        | 0.8409                 | 0.008418     | 1066.7  | -480179.301496 |
| ANKRUSDT      | 0.00149       | 0.002338    | 0.06987      | 41.08         | 0.01251      | 0.01831     | 0.04721        | 0.7826                 | 0.01337      | 922.71  | -480179.30149  |
| 1000FLOKIUSDT | 0.001455      | 0.001218    | 0.05691      | 21.33         | 0.0115       | 0.01155     | 0.009          | 0.9829                 | 0.001888     | 93.31   | -480179.301455 |
| RLCUSDT       | 0.001445      | 0.002547    | 0.06346      | 49.62         | 0.01085      | 0.01692     | 0.009995       | 0.8261                 | 0.01193      | 1102.71 | -480179.301445 |
| ALGOUSDT      | 0.001445      | 0.001651    | 0.06857      | 27.32         | 0.01152      | 0.01345     | 0.0358         | 0.8441                 | 0.007832     | 1147.62 | -480179.301445 |
| UNFIUSDT      | 0.001428      | 0.002447    | 0.05386      | 56.33         | 0.01753      | 0.01947     | 0.01626        | 0.8039                 | 0.01033      | 898.71  | -480179.301428 |
| SFPUSDT       | 0.001413      | 0.001535    | 0.06594      | 56.12         | 0.01644      | 0.01649     | 0.005543       | 0.8329                 | 0.00832      | 894.71  | -480179.301413 |
| MKRUSDT       | 0.001402      | 0.002124    | 0.06208      | 41.45         | 0.01056      | 0.01655     | 0.03265        | 0.7822                 | 0.01205      | 1089.71 | -480179.301402 |
| LINAUSDT      | 0.001401      | 0.001524    | 0.06976      | 59.13         | 0.01621      | 0.0198      | 0.02682        | 0.7676                 | 0.01272      | 871.71  | -480179.301401 |
| DGBUSDT       | 0.001399      | 0.0019      | 0.06989      | 47.03         | 0.013        | 0.01907     | 0.04752        | 0.7685                 | 0.01228      | 838.85  | -480179.301399 |
| IOSTUSDT      | 0.001395      | 0.001155    | 0.0678       | 48.4          | 0.01682      | 0.01679     | 0.05039        | 0.789                  | 0.008148     | 1263.66 | -480179.301395 |
| CHZUSDT       | 0.001368      | 0.002142    | 0.05848      | 59.3          | 0.01034      | 0.01711     | 0.009736       | 0.764                  | 0.009277     | 927.71  | -480179.301368 |
| DOTUSDT       | 0.001367      | 0.002197    | 0.06051      | 57.52         | 0.009161     | 0.01295     | 0.005823       | 0.8147                 | 0.008781     | 1080.71 | -480179.301367 |
| ARBUSDT       | 0.001364      | 0.001216    | 0.0482       | 40.8          | 0.006863     | 0.006942    | 0.0006853      | 0.9837                 | 0.001297     | 137.37  | -480179.301364 |
| ZRXUSDT       | 0.001354      | 0.00141     | 0.06992      | 49.92         | 0.01773      | 0.01736     | 0.06367        | 0.8036                 | 0.01064      | 1139.62 | -480179.301354 |
| MANAUSDT      | 0.001354      | 0.002217    | 0.06166      | 76.92         | 0.009851     | 0.0157      | 0.03396        | 0.7694                 | 0.0106       | 875.71  | -480179.301354 |
| HOOKUSDT      | 0.001345      | 0.001552    | 0.05544      | 43.18         | 0.01464      | 0.01394     | 0.009233       | 0.9647                 | 0.002737     | 196.87  | -480179.301345 |
| CTKUSDT       | 0.001331      | 0.002251    | 0.06298      | 60.67         | 0.0119       | 0.01195     | 0.02982        | 0.8552                 | 0.006366     | 990.71  | -480179.301331 |
| IDEXUSDT      | 0.001325      | 0.00166     | 0.06013      | 35.88         | 0.01195      | 0.01073     | 0.001268       | 0.9802                 | 0.002042     | 96.5    | -480179.301325 |
| MATICUSDT     | 0.001323      | 0.002408    | 0.06694      | 48.35         | 0.01032      | 0.01539     | 0.02644        | 0.8536                 | 0.01073      | 1018.71 | -480179.301323 |
| SKLUSDT       | 0.001317      | 0.002179    | 0.06869      | 54.3          | 0.01364      | 0.01802     | 0.02654        | 0.8103                 | 0.01143      | 971.68  | -480179.301317 |
| DASHUSDT      | 0.001317      | 0.001132    | 0.06948      | 51.83         | 0.01716      | 0.01868     | 0.03856        | 0.8317                 | 0.008431     | 1280.66 | -480179.301317 |
| RVNUSDT       | 0.001299      | 0.002215    | 0.07         | 37.55         | 0.01059      | 0.01359     | 0.01651        | 0.8085                 | 0.008742     | 895.71  | -480179.301299 |
| IDUSDT        | 0.001296      | 0.001388    | 0.06356      | 65.83         | 0.01227      | 0.0124      | 0.009351       | 0.9736                 | 0.002462     | 137.39  | -480179.301296 |
| AAVEUSDT      | 0.001294      | 0.001821    | 0.06745      | 79.85         | 0.01414      | 0.01986     | 0.0456         | 0.8149                 | 0.01243      | 1024.71 | -480179.301294 |
| STXUSDT       | 0.001291      | 0.001538    | 0.06656      | 26.93         | 0.01046      | 0.01069     | 0.03112        | 0.9141                 | 0.005141     | 167.39  | -480179.301291 |
| OPUSDT        | 0.001286      | 0.002589    | 0.06921      | 58.23         | 0.0133       | 0.01682     | 0.0374         | 0.8531                 | 0.01168      | 432.41  | -480179.301286 |
| UNIUSDT       | 0.001278      | 0.001856    | 0.06366      | 56.15         | 0.01019      | 0.01544     | 0.02446        | 0.7818                 | 0.009616     | 1052.71 | -480179.301278 |
| FTMUSDT       | 0.001276      | 0.002244    | 0.06467      | 59.73         | 0.01776      | 0.01862     | 0.04558        | 0.8094                 | 0.01184      | 1046.71 | -480179.301276 |
| TRBUSDT       | 0.001273      | 0.001558    | 0.06698      | 86.23         | 0.01942      | 0.01857     | 0.07436        | 0.8388                 | 0.008195     | 1067.71 | -480179.301273 |
| RDNTUSDT      | 0.001264      | 0.001527    | 0.06327      | 28.92         | 0.01175      | 0.01258     | 0.009114       | 0.9491                 | 0.005087     | 124.5   | -480179.301264 |
| QTUMUSDT      | 0.001264      | 0.001295    | 0.06667      | 45.9          | 0.01675      | 0.01757     | 0.0491         | 0.8429                 | 0.009825     | 1264.66 | -480179.301264 |
| SNXUSDT       | 0.001256      | 0.001751    | 0.06429      | 63.15         | 0.01485      | 0.01849     | 0.0193         | 0.7997                 | 0.0124       | 1088.7  | -480179.301256 |
| ASTRUSDT      | 0.001252      | 0.001422    | 0.05078      | 32.17         | 0.009401     | 0.008516    | 0.003996       | 0.9722                 | 0.00206      | 174.89  | -480179.301252 |
| ICXUSDT       | 0.001248      | 0.001871    | 0.0657       | 23.42         | 0.01083      | 0.01139     | 0.05445        | 0.8312                 | 0.007814     | 1055.71 | -480179.301248 |
| COMPUSDT      | 0.001246      | 0.001514    | 0.06509      | 43.95         | 0.01298      | 0.01886     | 0.03119        | 0.8196                 | 0.0123       | 1133.62 | -480179.301246 |
| BLZUSDT       | 0.00123       | 0.001215    | 0.06348      | 67.18         | 0.0136       | 0.0152      | 0.009151       | 0.8358                 | 0.007457     | 1053.7  | -480179.30123  |
| ZENUSDT       | 0.001227      | 0.001903    | 0.06979      | 44.33         | 0.01432      | 0.01777     | 0.05936        | 0.7748                 | 0.01143      | 985.71  | -480179.301227 |
| MINAUSDT      | 0.001227      | 0.001582    | 0.06539      | 18.33         | 0.009149     | 0.009429    | 0.04381        | 0.9171                 | 0.005207     | 181.54  | -480179.301227 |
| CRVUSDT       | 0.001219      | 0.001283    | 0.05151      | 79.7          | 0.01258      | 0.01735     | 0.008859       | 0.8                    | 0.00965      | 1069.71 | -480179.301219 |
| NEARUSDT      | 0.001212      | 0.002106    | 0.06981      | 78.73         | 0.01286      | 0.01697     | 0.04656        | 0.8427                 | 0.01154      | 1025.66 | -480179.301212 |
| HFTUSDT       | 0.001209      | 0.0007937   | 0.05821      | 23.37         | 0.01483      | 0.01328     | 0.02104        | 0.9574                 | 0.003354     | 123.5   | -480179.301209 |
| BCHUSDT       | 0.001206      | 0.001156    | 0.0699       | 43.02         | 0.01453      | 0.01678     | 0.05231        | 0.8572                 | 0.01004      | 1315.0  | -480179.301206 |
| REEFUSDT      | 0.001205      | 0.002207    | 0.03729      | 47.75         | 0.01052      | 0.01089     | 0.02119        | 0.865                  | 0.005267     | 896.7   | -480179.301205 |
| AVAXUSDT      | 0.001202      | 0.001767    | 0.06324      | 58.7          | 0.01172      | 0.01644     | 0.02631        | 0.7833                 | 0.01082      | 1047.71 | -480179.301202 |
| XLMUSDT       | 0.0012        | 0.001145    | 0.06754      | 44.98         | 0.01429      | 0.01662     | 0.01897        | 0.8083                 | 0.005964     | 1295.66 | -480179.3012   |
| NEOUSDT       | 0.001195      | 0.001135    | 0.05919      | 62.8          | 0.01477      | 0.01729     | 0.02852        | 0.8125                 | 0.009252     | 1267.63 | -480179.301195 |
| THETAUSDT     | 0.001188      | 0.00192     | 0.0676       | 53.38         | 0.01115      | 0.0157      | 0.02104        | 0.7868                 | 0.01026      | 1167.66 | -480179.301188 |
| LITUSDT       | 0.001188      | 0.001189    | 0.06939      | 45.32         | 0.01742      | 0.01874     | 0.03224        | 0.8417                 | 0.008937     | 899.71  | -480179.301188 |
| FILUSDT       | 0.001187      | 0.001427    | 0.06456      | 58.17         | 0.009948     | 0.01874     | 0.05821        | 0.7938                 | 0.01292      | 1024.75 | -480179.301187 |
| HBARUSDT      | 0.001171      | 0.001667    | 0.06213      | 50.85         | 0.01091      | 0.01249     | 0.02285        | 0.8309                 | 0.007914     | 873.71  | -480179.301171 |
| SPELLUSDT     | 0.001163      | 0.0009253   | 0.06514      | 37.13         | 0.01115      | 0.01055     | 0.03395        | 0.9333                 | 0.004663     | 335.5   | -480179.301163 |
| ZILUSDT       | 0.001154      | 0.002068    | 0.04953      | 43.47         | 0.009977     | 0.0143      | 0.05448        | 0.7866                 | 0.009339     | 1145.62 | -480179.301154 |
| SUSHIUSDT     | 0.001149      | 0.002224    | 0.05742      | 48.63         | 0.01027      | 0.01309     | 0.02663        | 0.8532                 | 0.008944     | 1066.71 | -480179.301149 |
| SANDUSDT      | 0.001139      | 0.002079    | 0.06795      | 58.97         | 0.01106      | 0.01681     | 0.04377        | 0.7831                 | 0.01133      | 923.71  | -480179.301139 |
| ONEUSDT       | 0.00113       | 0.002325    | 0.05817      | 34.65         | 0.01483      | 0.01926     | 0.04989        | 0.7919                 | 0.01164      | 872.71  | -480179.30113  |
| FETUSDT       | 0.001122      | 0.001548    | 0.06904      | 42.9          | 0.01174      | 0.01185     | 0.01191        | 0.9516                 | 0.004209     | 202.89  | -480179.301122 |
| GMXUSDT       | 0.001118      | 0.0008818   | 0.06533      | 55.25         | 0.01504      | 0.01266     | 0.07263        | 0.9802                 | 0.002707     | 171.39  | -480179.301118 |
| OGNUSDT       | 0.001109      | 0.001405    | 0.06646      | 52.17         | 0.01965      | 0.01866     | 0.05666        | 0.8409                 | 0.007255     | 858.71  | -480179.301109 |
| STMXUSDT      | 0.0011        | 0.00129     | 0.07         | 54.47         | 0.01509      | 0.0174      | 0.03608        | 0.8385                 | 0.01128      | 868.71  | -480179.3011   |
| LDOUSDT       | 0.001091      | 0.001187    | 0.04444      | 58.17         | 0.0136       | 0.01121     | 0.07076        | 0.9642                 | 0.002419     | 319.5   | -480179.301091 |
| RSRUSDT       | 0.001084      | 0.001963    | 0.04945      | 50.75         | 0.01224      | 0.01925     | 0.03381        | 0.7803                 | 0.01137      | 1021.7  | -480179.301084 |
| TUSDT         | 0.001083      | 0.001212    | 0.06903      | 27.18         | 0.009887     | 0.01177     | 0.03888        | 0.9038                 | 0.007089     | 187.46  | -480179.301083 |
| AXSUSDT       | 0.001082      | 0.001442    | 0.06903      | 90.32         | 0.01602      | 0.01936     | 0.02353        | 0.8389                 | 0.0126       | 989.7   | -480179.301082 |
| ALPHAUSDT     | 0.00107       | 0.001424    | 0.06944      | 58.6          | 0.01694      | 0.01813     | 0.0433         | 0.7825                 | 0.01121      | 986.71  | -480179.30107  |
| SXPUSDT       | 0.001067      | 0.001589    | 0.05981      | 70.73         | 0.01788      | 0.0172      | 0.03902        | 0.8648                 | 0.008332     | 1112.62 | -480179.301067 |
| LQTYUSDT      | 0.001065      | 0.001673    | 0.06348      | 21.0          | 0.01151      | 0.008962    | 0.04829        | 0.9619                 | 0.003331     | 150.5   | -480179.301065 |
| CHRUSDT       | 0.001056      | 0.002008    | 0.06975      | 41.88         | 0.01609      | 0.01834     | 0.03417        | 0.8374                 | 0.01231      | 878.71  | -480179.301056 |
| TLMUSDT       | 0.001055      | 0.0009041   | 0.05279      | 41.37         | 0.009158     | 0.009222    | 0.00736        | 0.9845                 | 0.001574     | 130.48  | -480179.301055 |
| LEVERUSDT     | 0.001055      | 0.0008325   | 0.06085      | 44.67         | 0.01655      | 0.01365     | 0.06566        | 0.9654                 | 0.004133     | 130.49  | -480179.301055 |
| BLURUSDT      | 0.001049      | 0.001136    | 0.06016      | 37.07         | 0.009321     | 0.00877     | 0.04032        | 0.9832                 | 0.001869     | 101.5   | -480179.301049 |
| 1000SHIBUSDT  | 0.001029      | 0.00203     | 0.05004      | 78.57         | 0.01006      | 0.018       | 0.02158        | 0.7905                 | 0.01182      | 819.26  | -480179.301029 |
| DEFIUSDT      | 0.001023      | 0.001422    | 0.06281      | 48.45         | 0.01169      | 0.01148     | 0.03854        | 0.8876                 | 0.005654     | 1074.71 | -480179.301023 |
| API3USDT      | 0.001019      | 0.001306    | 0.05605      | 72.58         | 0.01502      | 0.01429     | 0.02679        | 0.9442                 | 0.002981     | 531.85  | -480179.301019 |
| VETUSDT       | 0.001011      | 0.0009931   | 0.06986      | 67.88         | 0.017        | 0.01594     | 0.08971        | 0.8181                 | 0.007992     | 1270.66 | -480179.301011 |
| EOSUSDT       | 0.001003      | 0.001213    | 0.06951      | 66.28         | 0.01263      | 0.01294     | 0.008927       | 0.8932                 | 0.005198     | 1307.66 | -480179.301003 |
| AGIXUSDT      | 0.001002      | 0.0009947   | 0.0636       | 41.17         | 0.01775      | 0.01505     | 0.04756        | 0.962                  | 0.004254     | 172.4   | -480179.301002 |
| PHBUSDT       | 0.001001      | 0.001389    | 0.0687       | 19.98         | 0.01229      | 0.01387     | 0.05247        | 0.9045                 | 0.009272     | 172.39  | -480179.301001 |
| PENDLEUSDT    | 0.0009959     | 0.0007625   | 0.04934      | 25.87         | 0.01713      | 0.01603     | 0.043          | 0.9979                 | 0.0007232    | 10.89   | -480179.300996 |
| ZECUSDT       | 0.0009902     | 0.001098    | 0.06793      | 48.02         | 0.01142      | 0.01373     | 0.04128        | 0.8418                 | 0.008584     | 1279.66 | -480179.30099  |
| WOOUSDT       | 0.0009845     | 0.001715    | 0.06232      | 27.9          | 0.0136       | 0.0197      | 0.08221        | 0.7811                 | 0.0147       | 486.85  | -480179.300984 |
| CFXUSDT       | 0.0009773     | 0.00202     | 0.06469      | 23.2          | 0.01147      | 0.01003     | 0.02491        | 0.9459                 | 0.004131     | 168.39  | -480179.300977 |
| 1INCHUSDT     | 0.0009624     | 0.001475    | 0.05991      | 47.18         | 0.01264      | 0.01839     | 0.03562        | 0.7879                 | 0.01212      | 954.58  | -480179.300962 |
| 1000LUNCUSDT  | 0.0009496     | 0.001277    | 0.05223      | 54.9          | 0.008843     | 0.009225    | 0.02101        | 0.9131                 | 0.005403     | 332.46  | -480179.30095  |
| BATUSDT       | 0.0009317     | 0.001024    | 0.06988      | 62.38         | 0.019        | 0.01805     | 0.06844        | 0.8612                 | 0.01073      | 1271.66 | -480179.300932 |
| BALUSDT       | 0.0009097     | 0.00103     | 0.06244      | 48.95         | 0.01512      | 0.01838     | 0.02441        | 0.8295                 | 0.01111      | 1070.71 | -480179.30091  |
| BNBUSDT       | 0.000909      | 0.0009421   | 0.06919      | 91.73         | 0.01202      | 0.01449     | 0.0162         | 0.8988                 | 0.00579      | 1274.66 | -480179.300909 |
| PEOPLEUSDT    | 0.0009082     | 0.001197    | 0.04924      | 49.5          | 0.01387      | 0.01355     | 0.01118        | 0.9205                 | 0.004833     | 591.83  | -480179.300908 |
| ETCUSDT       | 0.000906      | 0.001756    | 0.0699       | 63.18         | 0.01263      | 0.01627     | 0.06902        | 0.8127                 | 0.01001      | 1299.66 | -480179.300906 |
| MAGICUSDT     | 0.0009031     | 0.001479    | 0.05037      | 57.28         | 0.01148      | 0.01231     | 0.02881        | 0.9252                 | 0.007064     | 194.87  | -480179.300903 |
| HIGHUSDT      | 0.0009007     | 0.001376    | 0.04001      | 31.6          | 0.009642     | 0.009235    | 0.005724       | 0.9443                 | 0.004275     | 181.89  | -480179.300901 |
| KNCUSDT       | 0.000892      | 0.001524    | 0.05518      | 33.88         | 0.01537      | 0.01738     | 0.02661        | 0.7965                 | 0.009933     | 1141.63 | -480179.300892 |
| IOTAUSDT      | 0.0008865     | 0.0009236   | 0.06974      | 56.95         | 0.01714      | 0.01847     | 0.03436        | 0.8258                 | 0.0102       | 1272.66 | -480179.300886 |
| YFIUSDT       | 0.0008794     | 0.001592    | 0.06564      | 36.27         | 0.01469      | 0.01457     | 0.07588        | 0.8405                 | 0.009186     | 1071.71 | -480179.300879 |
| STORJUSDT     | 0.0008485     | 0.001543    | 0.03686      | 70.6          | 0.01448      | 0.01852     | 0.07516        | 0.7995                 | 0.01051      | 1054.7  | -480179.300849 |
| KEYUSDT       | 0.0008453     | 0.001354    | 0.03771      | 39.67         | 0.007627     | 0.007935    | 0.01711        | 0.9502                 | 0.00417      | 75.5    | -480179.300845 |
| DUSKUSDT      | 0.0008407     | 0.001677    | 0.05822      | 48.15         | 0.01432      | 0.01609     | 0.03473        | 0.8408                 | 0.009354     | 577.85  | -480179.300841 |
| XTZUSDT       | 0.0008388     | 0.001129    | 0.0698       | 65.52         | 0.01591      | 0.01546     | 0.03593        | 0.8709                 | 0.009969     | 1278.66 | -480179.300839 |
| ACHUSDT       | 0.0008296     | 0.001254    | 0.06639      | 23.3          | 0.01382      | 0.01213     | 0.06966        | 0.9313                 | 0.007295     | 166.39  | -480179.30083  |
| CELOUSDT      | 0.0008289     | 0.001176    | 0.06463      | 42.75         | 0.0146       | 0.0133      | 0.04927        | 0.9051                 | 0.008002     | 679.85  | -480179.300829 |
| ONTUSDT       | 0.0008231     | 0.001083    | 0.06926      | 40.88         | 0.01793      | 0.01857     | 0.07936        | 0.7914                 | 0.01224      | 1273.66 | -480179.300823 |
| QNTUSDT       | 0.0008141     | 0.0006701   | 0.0659       | 26.83         | 0.01178      | 0.01104     | 0.06297        | 0.9602                 | 0.003324     | 291.89  | -480179.300814 |
| KSMUSDT       | 0.000807      | 0.00172     | 0.058        | 65.95         | 0.01531      | 0.01627     | 0.08983        | 0.8                    | 0.01004      | 1026.71 | -480179.300807 |
| UMAUSDT       | 0.0007671     | 0.0006724   | 0.02728      | 41.57         | 0.01049      | 0.009225    | 0.03901        | 0.9906                 | 0.0009412    | 89.48   | -480179.300767 |
| APEUSDT       | 0.0007642     | 0.001266    | 0.0493       | 56.02         | 0.01081      | 0.01106     | 0.02884        | 0.8779                 | 0.006197     | 508.37  | -480179.300764 |
| FXSUSDT       | 0.000757      | 0.001052    | 0.04098      | 37.6          | 0.01252      | 0.0111      | 0.06434        | 0.928                  | 0.004496     | 199.87  | -480179.300757 |
| ARPAUSDT      | 0.0007321     | 0.0008268   | 0.04765      | 74.98         | 0.01087      | 0.009933    | 0.007936       | 0.9329                 | 0.004703     | 657.85  | -480179.300732 |
| BNXUSDT       | 0.0007125     | 0.001121    | 0.04673      | 34.63         | 0.01783      | 0.01648     | 0.05933        | 0.9434                 | 0.0039       | 166.38  | -480179.300713 |
| IMXUSDT       | 0.0006821     | 0.001251    | 0.03693      | 23.97         | 0.007364     | 0.008007    | 0.006794       | 0.9142                 | 0.004733     | 542.85  | -480179.300682 |
| BTCUSDT       | 0.0006605     | 0.0007995   | 0.05112      | 72.93         | 0.008884     | 0.01012     | 0.05433        | 0.8783                 | 0.004389     | 1315.0  | -480179.300661 |
| SSVUSDT       | 0.000653      | 0.000891    | 0.04652      | 39.45         | 0.01502      | 0.01703     | 0.02363        | 0.8917                 | 0.0107       | 164.5   | -480179.300653 |
| XEMUSDT       | 0.0006465     | 0.001059    | 0.0558       | 33.03         | 0.009604     | 0.01814     | 0.01974        | 0.82                   | 0.01195      | 887.71  | -480179.300647 |
| XRPUSDT       | 0.0006424     | 0.001218    | 0.04217      | 46.18         | 0.01005      | 0.01062     | 0.07012        | 0.8701                 | 0.005601     | 1309.65 | -480179.300642 |
| PERPUSDT      | 0.000635      | 0.0009402   | 0.06828      | 31.15         | 0.008441     | 0.007996    | 0.03332        | 0.9483                 | 0.005217     | 154.5   | -480179.300635 |
| ROSEUSDT      | 0.0006152     | 0.001047    | 0.04715      | 26.43         | 0.007879     | 0.01269     | 0.01395        | 0.8515                 | 0.008242     | 584.85  | -480179.300615 |
| BLUEBIRDUSDT  | 0.0006048     | 0.0008093   | 0.05199      | 44.23         | 0.006954     | 0.006947    | 0.04365        | 0.9809                 | 0.001363     | 278.5   | -480179.300605 |
| ICPUSDT       | 0.0006039     | 0.0009527   | 0.04059      | 44.88         | 0.007205     | 0.006312    | 0.02634        | 0.9691                 | 0.002069     | 314.89  | -480179.300604 |
| FLMUSDT       | 0.0005996     | 0.001145    | 0.0401       | 52.92         | 0.01997      | 0.01998     | 0.05904        | 0.8351                 | 0.008689     | 1041.71 | -480179.3006   |
| XVSUSDT       | 0.0005688     | 0.0007379   | 0.05942      | 24.83         | 0.01336      | 0.01277     | 0.04883        | 0.9247                 | 0.007338     | 116.89  | -480179.300569 |
| ENSUSDT       | 0.0005628     | 0.001315    | 0.0692       | 24.9          | 0.01522      | 0.01695     | 0.02607        | 0.8323                 | 0.01094      | 615.85  | -480179.300563 |
| GALUSDT       | 0.0005472     | 0.0009217   | 0.06376      | 45.48         | 0.0193       | 0.01922     | 0.06768        | 0.836                  | 0.008483     | 459.41  | -480179.300547 |
| LUNA2USDT     | 0.0005331     | 0.0009418   | 0.06464      | 23.15         | 0.01413      | 0.01261     | 0.07502        | 0.9538                 | 0.003644     | 331.87  | -480179.300533 |
| DARUSDT       | 0.0005334     | 0.001234    | 0.04338      | 44.17         | 0.01029      | 0.00972     | 0.02974        | 0.9238                 | 0.004521     | 465.85  | -480179.300533 |
| XMRUSDT       | 0.0004819     | 0.000904    | 0.04138      | 49.23         | 0.01047      | 0.01265     | 0.02513        | 0.8428                 | 0.007805     | 1281.66 | -480179.300482 |
| TRXUSDT       | 0.0004818     | 0.0007982   | 0.06023      | 63.87         | 0.0118       | 0.01449     | 0.02491        | 0.8964                 | 0.005862     | 1300.66 | -480179.300482 |
| ANTUSDT       | 0.0004283     | 0.001084    | 0.04174      | 29.08         | 0.01509      | 0.01914     | 0.08644        | 0.7775                 | 0.01242      | 588.83  | -480179.300428 |
| LPTUSDT       | 0.0004201     | 0.000586    | 0.02791      | 51.1          | 0.01816      | 0.01697     | 0.08805        | 0.9002                 | 0.004374     | 634.85  | -480179.30042  |
| ETHUSDT       | 0.0003646     | 0.0007384   | 0.0469       | 77.45         | 0.01436      | 0.01859     | 0.06411        | 0.7812                 | 0.00942      | 1315.0  | -480179.300365 |
| CKBUSDT       | 0.0003576     | 0.0008341   | 0.04301      | 48.82         | 0.007396     | 0.006593    | 0.01129        | 0.9591                 | 0.003494     | 160.5   | -480179.300358 |
| FOOTBALLUSDT  | 0.0003414     | 0.001029    | 0.03388      | 19.45         | 0.007876     | 0.007748    | 0.06223        | 0.9447                 | 0.002899     | 340.87  | -480179.300341 |
| LTCUSDT       | 0.0002332     | 0.0005345   | 0.02092      | 51.33         | 0.01448      | 0.01463     | 0.08452        | 0.9065                 | 0.002714     | 1306.66 | -480179.300233 |
| BTCDOMUSDT    | 0.0002088     | 0.0003355   | 0.06699      | 76.28         | 0.007608     | 0.006426    | 0.0845         | 0.9676                 | 0.002649     | 777.85  | -480179.300209 |
| COCOSUSDT     | 0.0001284     | 0.001132    | 0.03393      | 23.58         | 0.007308     | 0.008224    | 0.02407        | 0.9815                 | 0.001658     | 167.38  | -480179.300128 |
| USDCUSDT      | 1.656e-08     | 1.656e-07   | 3.218e-05    | 22.67         | 0.002458     | 9.286e-05   | 0.0            | 1.0                    | 9.841e-07    | 148.29  | -480179.3      |
| ATOMUSDT      | 0.001385      | 0.001281    | 0.07043      | 66.75         | 0.01459      | 0.01755     | 0.02524        | 0.7821                 | 0.007674     | 1277.49 | -480179.297103 |
| KAVAUSDT      | 0.001162      | 0.001118    | 0.07049      | 48.98         | 0.01755      | 0.01909     | 0.05326        | 0.8521                 | 0.01122      | 1105.7  | -480179.296227 |
| ADAUSDT       | 0.0005653     | 0.0007802   | 0.07051      | 76.68         | 0.01387      | 0.01972     | 0.04885        | 0.8467                 | 0.01482      | 1284.66 | -480179.295445 |
| TRUUSDT       | 0.0003484     | 0.001252    | 0.07847      | 26.88         | 0.01791      | 0.0147      | 0.05825        | 0.9368                 | 0.005959     | 153.5   | -480179.215641 |
| CVXUSDT       | 0.0007836     | 0.0008365   | 0.08015      | 59.07         | 0.01084      | 0.01049     | 0.03593        | 0.9063                 | 0.006618     | 319.49  | -480179.199324 |
| CTSIUSDT      | 0.0004377     | 0.0007103   | 0.08289      | 73.2          | 0.01965      | 0.0194      | 0.08479        | 0.8584                 | 0.009732     | 650.85  | -480179.171554 |
| APTUSDT       | 0.0006119     | 0.001412    | 0.08561      | 49.83         | 0.008338     | 0.008646    | 0.04136        | 0.9326                 | 0.005844     | 292.92  | -480179.144517 |
| ATAUSDT       | 0.0009603     | 0.001223    | 0.09149      | 54.6          | 0.01536      | 0.01523     | 0.05493        | 0.8505                 | 0.00933      | 706.85  | -480179.086051 |
| AUDIOUSDT     | 0.0005471     | 0.0008967   | 0.1042       | 51.27         | 0.01598      | 0.0187      | 0.04794        | 0.8629                 | 0.01488      | 718.85  | -480178.958361 |
| STGUSDT       | 0.001068      | 0.001214    | 0.1181       | 71.92         | 0.01741      | 0.01848     | 0.01766        | 0.8855                 | 0.01345      | 347.5   | -480178.82026  |
| 1000XECUSDT   | 0.0006186     | 0.0009268   | 0.08894      | 67.4          | 0.01667      | 0.02137     | 0.06938        | 0.7778                 | 0.01607      | 689.85  | -480165.419843 |
| JASMYUSDT     | 0.0007694     | 0.001308    | 0.1062       | 59.03         | 0.01828      | 0.02145     | 0.02634        | 0.8793                 | 0.01565      | 474.85  | -480164.45025  |
| IOTXUSDT      | 0.0007335     | 0.00108     | 0.1008       | 50.75         | 0.01926      | 0.02199     | 0.06186        | 0.8361                 | 0.01371      | 725.85  | -480159.094434 |
| C98USDT       | 0.0007653     | 0.001109    | 0.08814      | 53.83         | 0.02348      | 0.03207     | 0.0936         | 0.7773                 | 0.02165      | 713.85  | -480054.98779  |
| DYDXUSDT      | 0.0006665     | 0.001299    | 0.0895       | 53.88         | 0.01924      | 0.03289     | 0.08268        | 0.7648                 | 0.02394      | 696.85  | -480050.181879 |
| MASKUSDT      | 0.0004181     | 0.0008254   | 0.07151      | 47.88         | 0.02364      | 0.02503     | 0.1098         | 0.7866                 | 0.0151       | 710.85  | -479141.259195 |
| ARUSDT        | 0.0005247     | 0.0008123   | 0.08001      | 51.77         | 0.0208       | 0.02254     | 0.1513         | 0.8507                 | 0.01612      | 678.85  | -475025.818752 |
| JOEUSDT       | 0.0003779     | 0.0008078   | 0.1598       | 41.93         | 0.02029      | 0.01975     | 0.1617         | 0.8903                 | 0.01577      | 131.49  | -474011.344684 |
| GALAUSDT      | 0.0005988     | 0.0007963   | 0.09945      | 92.93         | 0.02501      | 0.03415     | 0.1795         | 0.7587                 | 0.02393      | 688.85  | -472083.620394 |
| KLAYUSDT      | 0.0001001     | 0.0006319   | 0.09539      | 65.27         | 0.01692      | 0.02626     | 0.3549         | 0.783                  | 0.01923      | 664.85  | -454627.047285 |
| GTCUSDT       | 4.941e-06     | 0.0005288   | 0.09675      | 36.27         | 0.01939      | 0.02323     | 0.4844         | 0.8172                 | 0.01708      | 787.85  | -441709.776763 |
| FLOWUSDT      | 0.0007908     | 0.0008922   | 0.09435      | 72.28         | 0.02688      | 0.04241     | 0.1795         | 0.7716                 | 0.02929      | 543.85  | -429056.919989 |
| GMTUSDT       | 0.0007809     | 0.0009158   | 0.1645       | 67.47         | 0.02939      | 0.04467     | 0.2217         | 0.7435                 | 0.03523      | 510.83  | -358925.108621 |
| BAKEUSDT      | 0.000438      | 0.000586    | 0.1201       | 58.02         | 0.03533      | 0.06121     | 0.5524         | 0.7138                 | 0.04125      | 810.71  | -235834.403734 |
+---------------+---------------+-------------+--------------+---------------+--------------+-------------+----------------+------------------------+--------------+---------+----------------+

+---------------------------------------------------------------------------------------------------------------------------------------------------------------------------------------------+
|                                                                                            short                                                                                            |
+---------------+---------------+-------------+--------------+---------------+--------------+-------------+----------------+------------------------+--------------+---------+----------------+
| symbol        | adg_w_per_exp | adg_per_exp | exp_rts_mean | hrs_stuck_max | pa_dist_mean | pa_dist_std | loss_profit_rt | eqbal_rt_10_worst_mean | eqbal_rt_std | n_days  | score          |
+---------------+---------------+-------------+--------------+---------------+--------------+-------------+----------------+------------------------+--------------+---------+----------------+
| PENDLEUSDT    | 0.009642      | 0.001842    | 0.06105      | 24.02         | 0.01294      | 0.01009     | 0.04622        | 0.9927                 | 0.001893     | 10.89   | -230179.309642 |
| MAVUSDT       | 0.00534       | 0.002353    | 0.02989      | 28.33         | 0.009123     | 0.009402    | 0.01129        | 0.9551                 | 0.005422     | 39.5    | -230179.30534  |
| AGLDUSDT      | 0.005077      | 0.002428    | 0.06548      | 34.38         | 0.01064      | 0.008824    | 0.007513       | 0.9874                 | 0.002862     | 9.89    | -230179.305077 |
| YGGUSDT       | 0.00495       | 0.01166     | 0.04016      | 1.567         | 0.0149       | 0.01264     | 0.0            | 0.9928                 | 0.00479      | 2.85    | -230179.30495  |
| ARKMUSDT      | 0.003341      | 0.0008001   | 0.02281      | 53.08         | 0.009842     | 0.008673    | 0.03153        | 0.9956                 | 0.001114     | 10.88   | -230179.303341 |
| HIGHUSDT      | 0.002921      | 0.001484    | 0.06247      | 41.0          | 0.01261      | 0.01227     | 0.02676        | 0.9443                 | 0.00444      | 181.89  | -230179.302921 |
| KEYUSDT       | 0.002893      | 0.001665    | 0.06722      | 50.68         | 0.01175      | 0.0112      | 0.007938       | 0.9677                 | 0.003802     | 75.5    | -230179.302893 |
| RADUSDT       | 0.002892      | 0.001129    | 0.03366      | 37.7          | 0.009357     | 0.009461    | 0.005541       | 0.9827                 | 0.001729     | 89.5    | -230179.302892 |
| STMXUSDT      | 0.002862      | 0.002265    | 0.0683       | 39.42         | 0.01489      | 0.01338     | 0.02625        | 0.8592                 | 0.007009     | 868.71  | -230179.302862 |
| MDTUSDT       | 0.002846      | 0.002193    | 0.05789      | 18.52         | 0.006284     | 0.007103    | 4.373e-05      | 0.994                  | 0.000846     | 38.5    | -230179.302846 |
| OGNUSDT       | 0.002569      | 0.002192    | 0.06899      | 80.35         | 0.01074      | 0.01157     | 0.002039       | 0.8888                 | 0.004925     | 858.71  | -230179.302569 |
| RDNTUSDT      | 0.00249       | 0.001988    | 0.06696      | 32.27         | 0.006718     | 0.006964    | 0.0005127      | 0.9587                 | 0.003081     | 124.5   | -230179.30249  |
| RLCUSDT       | 0.002471      | 0.002351    | 0.06991      | 78.77         | 0.01553      | 0.01565     | 0.01465        | 0.8485                 | 0.008115     | 1102.71 | -230179.302471 |
| RENUSDT       | 0.002465      | 0.002225    | 0.06996      | 51.73         | 0.01719      | 0.01887     | 0.03484        | 0.6994                 | 0.01652      | 1027.71 | -230179.302465 |
| CHZUSDT       | 0.002403      | 0.002221    | 0.06999      | 48.72         | 0.007596     | 0.008156    | 0.001985       | 0.9342                 | 0.00381      | 927.71  | -230179.302403 |
| SUSHIUSDT     | 0.00233       | 0.002236    | 0.06785      | 54.77         | 0.01246      | 0.0151      | 0.01731        | 0.7086                 | 0.01156      | 1066.71 | -230179.30233  |
| CTKUSDT       | 0.002233      | 0.001698    | 0.06996      | 39.85         | 0.01251      | 0.01422     | 0.02785        | 0.6852                 | 0.009844     | 990.71  | -230179.302233 |
| EDUUSDT       | 0.002223      | 0.001501    | 0.0579       | 51.0          | 0.009789     | 0.01118     | 0.03044        | 0.9365                 | 0.005009     | 99.5    | -230179.302223 |
| HFTUSDT       | 0.002194      | 0.001102    | 0.04025      | 36.45         | 0.01146      | 0.01159     | 0.02078        | 0.9841                 | 0.001559     | 123.5   | -230179.302194 |
| UMAUSDT       | 0.002193      | 0.001369    | 0.05941      | 31.47         | 0.00898      | 0.009108    | 0.03402        | 0.9742                 | 0.002449     | 89.48   | -230179.302193 |
| ACHUSDT       | 0.002177      | 0.0018      | 0.06929      | 29.67         | 0.007061     | 0.007388    | 0.0009703      | 0.9768                 | 0.001938     | 166.39  | -230179.302177 |
| TRBUSDT       | 0.002171      | 0.002773    | 0.0699       | 80.55         | 0.0147       | 0.0162      | 0.003606       | 0.7211                 | 0.01124      | 1067.71 | -230179.302171 |
| NMRUSDT       | 0.00217       | 0.001494    | 0.06431      | 15.62         | 0.007249     | 0.007227    | 0.00883        | 0.9897                 | 0.001262     | 46.5    | -230179.30217  |
| LITUSDT       | 0.002161      | 0.002389    | 0.06987      | 67.97         | 0.0143       | 0.0126      | 0.01526        | 0.8477                 | 0.00665      | 899.71  | -230179.302161 |
| COMBOUSDT     | 0.002143      | 0.001417    | 0.05454      | 42.17         | 0.01046      | 0.01047     | 0.01299        | 0.9792                 | 0.002323     | 66.5    | -230179.302143 |
| BLURUSDT      | 0.002125      | 0.001572    | 0.06334      | 53.98         | 0.008308     | 0.009742    | 0.005811       | 0.942                  | 0.004694     | 101.5   | -230179.302125 |
| 1000FLOKIUSDT | 0.002121      | 0.001947    | 0.05998      | 30.92         | 0.005587     | 0.006141    | 0.0001984      | 0.9748                 | 0.002368     | 93.31   | -230179.302121 |
| IDEXUSDT      | 0.002112      | 0.001206    | 0.04101      | 31.53         | 0.009625     | 0.00934     | 0.02024        | 0.9812                 | 0.001654     | 96.5    | -230179.302112 |
| SANDUSDT      | 0.002093      | 0.001952    | 0.06994      | 64.62         | 0.01243      | 0.01455     | 0.02261        | 0.8555                 | 0.0089       | 923.71  | -230179.302093 |
| ANKRUSDT      | 0.002092      | 0.003106    | 0.06994      | 87.27         | 0.01102      | 0.01366     | 0.006518       | 0.7808                 | 0.01129      | 922.71  | -230179.302092 |
| ALICEUSDT     | 0.00205       | 0.002087    | 0.06847      | 56.47         | 0.01486      | 0.01588     | 0.01682        | 0.8365                 | 0.008303     | 874.87  | -230179.30205  |
| BANDUSDT      | 0.002049      | 0.001839    | 0.0671       | 73.3          | 0.01259      | 0.0143      | 0.04879        | 0.8595                 | 0.007827     | 1104.71 | -230179.302049 |
| AGIXUSDT      | 0.002043      | 0.002035    | 0.05404      | 33.25         | 0.01404      | 0.01187     | 0.03153        | 0.966                  | 0.002784     | 172.4   | -230179.302043 |
| OCEANUSDT     | 0.002029      | 0.002584    | 0.0697       | 59.57         | 0.0148       | 0.01563     | 0.016          | 0.8107                 | 0.01154      | 1006.71 | -230179.302029 |
| PERPUSDT      | 0.002         | 0.001308    | 0.064        | 78.67         | 0.01073      | 0.01072     | 0.005882       | 0.9701                 | 0.002701     | 154.5   | -230179.302    |
| SFPUSDT       | 0.001994      | 0.001697    | 0.06975      | 84.8          | 0.0135       | 0.01937     | 0.006765       | 0.5829                 | 0.01296      | 894.71  | -230179.301994 |
| CELRUSDT      | 0.001969      | 0.002099    | 0.06532      | 58.23         | 0.01322      | 0.01437     | 0.01254        | 0.8519                 | 0.006468     | 861.71  | -230179.301969 |
| STORJUSDT     | 0.001951      | 0.001921    | 0.06995      | 75.72         | 0.0158       | 0.01921     | 0.01314        | 0.7948                 | 0.01217      | 1054.7  | -230179.301951 |
| LINAUSDT      | 0.001949      | 0.001676    | 0.04797      | 67.97         | 0.01367      | 0.0197      | 0.04262        | 0.6604                 | 0.01733      | 871.71  | -230179.301949 |
| TOMOUSDT      | 0.001919      | 0.001303    | 0.06637      | 63.28         | 0.01995      | 0.01922     | 0.08446        | 0.7745                 | 0.01072      | 1028.71 | -230179.301919 |
| GALUSDT       | 0.001906      | 0.001779    | 0.05169      | 59.2          | 0.01252      | 0.01315     | 0.009004       | 0.9244                 | 0.004204     | 459.41  | -230179.301906 |
| ZRXUSDT       | 0.001904      | 0.001921    | 0.06981      | 57.55         | 0.01472      | 0.0163      | 0.01319        | 0.7816                 | 0.01172      | 1139.62 | -230179.301904 |
| CHRUSDT       | 0.001903      | 0.002058    | 0.06995      | 87.7          | 0.01544      | 0.01634     | 0.006123       | 0.8761                 | 0.005482     | 878.71  | -230179.301903 |
| REEFUSDT      | 0.001887      | 0.002134    | 0.06999      | 85.77         | 0.009776     | 0.01268     | 0.009338       | 0.8362                 | 0.01003      | 896.7   | -230179.301887 |
| MTLUSDT       | 0.001885      | 0.001715    | 0.06798      | 49.65         | 0.01352      | 0.01904     | 0.02114        | 0.6702                 | 0.01877      | 859.71  | -230179.301885 |
| MINAUSDT      | 0.001863      | 0.00145     | 0.05677      | 48.77         | 0.01276      | 0.01491     | 0.01143        | 0.9518                 | 0.003391     | 181.54  | -230179.301863 |
| COTIUSDT      | 0.001854      | 0.001759    | 0.0694       | 43.43         | 0.01424      | 0.01435     | 0.00984        | 0.8647                 | 0.007248     | 880.71  | -230179.301854 |
| AMBUSDT       | 0.001838      | 0.001388    | 0.05         | 40.98         | 0.01315      | 0.0182      | 0.02637        | 0.7933                 | 0.01505      | 130.5   | -230179.301838 |
| SSVUSDT       | 0.001797      | 0.001459    | 0.06882      | 32.95         | 0.0129       | 0.01346     | 0.01121        | 0.9094                 | 0.007063     | 164.5   | -230179.301797 |
| LQTYUSDT      | 0.001792      | 0.002063    | 0.03913      | 58.0          | 0.01182      | 0.01315     | 0.004138       | 0.9007                 | 0.006913     | 150.5   | -230179.301792 |
| LEVERUSDT     | 0.00177       | 0.001156    | 0.0482       | 29.77         | 0.009446     | 0.008252    | 0.05981        | 0.9765                 | 0.002035     | 130.49  | -230179.30177  |
| ASTRUSDT      | 0.001758      | 0.001734    | 0.03579      | 38.77         | 0.008849     | 0.008045    | 0.01792        | 0.9421                 | 0.003501     | 174.89  | -230179.301758 |
| NKNUSDT       | 0.001754      | 0.002833    | 0.06995      | 66.45         | 0.01539      | 0.01977     | 0.04575        | 0.6959                 | 0.01792      | 850.71  | -230179.301754 |
| LUNA2USDT     | 0.001748      | 0.001598    | 0.06956      | 43.75         | 0.008298     | 0.01016     | 0.0235         | 0.8563                 | 0.007363     | 331.87  | -230179.301748 |
| MANAUSDT      | 0.001745      | 0.001522    | 0.06835      | 29.18         | 0.01364      | 0.01604     | 0.01718        | 0.7608                 | 0.009013     | 875.71  | -230179.301745 |
| TRUUSDT       | 0.00174       | 0.001607    | 0.05024      | 75.38         | 0.01037      | 0.01111     | 0.02714        | 0.9052                 | 0.00723      | 153.5   | -230179.30174  |
| CRVUSDT       | 0.001737      | 0.002259    | 0.06945      | 50.85         | 0.01223      | 0.01756     | 0.02715        | 0.6877                 | 0.0158       | 1069.71 | -230179.301737 |
| NEARUSDT      | 0.001722      | 0.001485    | 0.05827      | 50.68         | 0.01826      | 0.01876     | 0.01118        | 0.8614                 | 0.007745     | 1025.66 | -230179.301722 |
| SUIUSDT       | 0.00172       | 0.001359    | 0.06711      | 37.78         | 0.009314     | 0.01025     | 0.02629        | 0.9346                 | 0.006706     | 96.33   | -230179.30172  |
| ICXUSDT       | 0.001708      | 0.001816    | 0.06999      | 61.6          | 0.01579      | 0.01579     | 0.0577         | 0.689                  | 0.01214      | 1055.71 | -230179.301708 |
| RSRUSDT       | 0.001705      | 0.002129    | 0.06998      | 47.8          | 0.01662      | 0.01707     | 0.0216         | 0.8233                 | 0.01206      | 1021.7  | -230179.301705 |
| BLZUSDT       | 0.001687      | 0.002335    | 0.06811      | 85.52         | 0.01362      | 0.01495     | 0.04153        | 0.7866                 | 0.01198      | 1053.7  | -230179.301687 |
| TLMUSDT       | 0.001671      | 0.001314    | 0.04696      | 38.45         | 0.006744     | 0.007092    | 0.004716       | 0.984                  | 0.001429     | 130.48  | -230179.301671 |
| SKLUSDT       | 0.001671      | 0.001929    | 0.06907      | 81.98         | 0.01367      | 0.01874     | 0.01844        | 0.7509                 | 0.01564      | 971.68  | -230179.301671 |
| HOTUSDT       | 0.001666      | 0.001443    | 0.06997      | 59.02         | 0.01271      | 0.0147      | 0.006969       | 0.8515                 | 0.006456     | 860.71  | -230179.301666 |
| ALPHAUSDT     | 0.001664      | 0.001906    | 0.06925      | 51.78         | 0.01566      | 0.01474     | 0.01645        | 0.7823                 | 0.009676     | 986.71  | -230179.301664 |
| ENJUSDT       | 0.001659      | 0.001999    | 0.06749      | 50.8          | 0.0144       | 0.01554     | 0.03124        | 0.7351                 | 0.01161      | 1041.71 | -230179.301659 |
| XEMUSDT       | 0.001656      | 0.002321    | 0.06946      | 81.47         | 0.01156      | 0.01717     | 0.01088        | 0.7629                 | 0.01345      | 887.71  | -230179.301656 |
| ZENUSDT       | 0.001653      | 0.002099    | 0.0699       | 86.4          | 0.01417      | 0.01226     | 0.003473       | 0.903                  | 0.006007     | 985.71  | -230179.301653 |
| SNXUSDT       | 0.001623      | 0.001594    | 0.06988      | 53.33         | 0.01597      | 0.01767     | 0.005629       | 0.7721                 | 0.0116       | 1088.7  | -230179.301623 |
| DGBUSDT       | 0.001612      | 0.001462    | 0.06741      | 40.37         | 0.01128      | 0.01        | 0.04983        | 0.883                  | 0.004914     | 838.85  | -230179.301612 |
| GRTUSDT       | 0.001608      | 0.002468    | 0.06944      | 46.52         | 0.01434      | 0.01755     | 0.02911        | 0.7057                 | 0.01652      | 960.71  | -230179.301608 |
| LRCUSDT       | 0.001596      | 0.001566    | 0.0699       | 50.85         | 0.01414      | 0.01604     | 0.02292        | 0.7345                 | 0.01211      | 1021.7  | -230179.301596 |
| DENTUSDT      | 0.001593      | 0.001516    | 0.06993      | 46.07         | 0.01442      | 0.01721     | 0.03842        | 0.7575                 | 0.01479      | 866.83  | -230179.301593 |
| TUSDT         | 0.001592      | 0.001501    | 0.05783      | 34.18         | 0.01073      | 0.01293     | 0.02382        | 0.8724                 | 0.008837     | 187.46  | -230179.301592 |
| ENSUSDT       | 0.001591      | 0.001368    | 0.06937      | 54.17         | 0.01437      | 0.01513     | 0.008201       | 0.9398                 | 0.004425     | 615.85  | -230179.301591 |
| COMPUSDT      | 0.001591      | 0.001287    | 0.06992      | 56.75         | 0.01584      | 0.01764     | 0.02941        | 0.8587                 | 0.01064      | 1133.62 | -230179.301591 |
| DEFIUSDT      | 0.001582      | 0.001356    | 0.06981      | 61.08         | 0.0187       | 0.01913     | 0.01848        | 0.9107                 | 0.004837     | 1074.71 | -230179.301582 |
| RVNUSDT       | 0.001572      | 0.00124     | 0.06409      | 56.47         | 0.01441      | 0.01613     | 0.01624        | 0.8258                 | 0.01029      | 895.71  | -230179.301572 |
| ONEUSDT       | 0.001572      | 0.001797    | 0.06987      | 48.23         | 0.01533      | 0.01761     | 0.01894        | 0.7913                 | 0.01296      | 872.71  | -230179.301572 |
| ONTUSDT       | 0.001564      | 0.001933    | 0.0699       | 55.57         | 0.01445      | 0.01687     | 0.01629        | 0.7065                 | 0.01419      | 1273.66 | -230179.301564 |
| HBARUSDT      | 0.001553      | 0.002438    | 0.06263      | 48.35         | 0.01231      | 0.01878     | 0.0682         | 0.7739                 | 0.01658      | 873.71  | -230179.301553 |
| BELUSDT       | 0.001548      | 0.00164     | 0.06916      | 63.52         | 0.01781      | 0.01889     | 0.04886        | 0.6698                 | 0.01379      | 991.71  | -230179.301548 |
| BNXUSDT       | 0.001539      | 0.001708    | 0.06937      | 71.6          | 0.01288      | 0.01753     | 0.01411        | 0.8517                 | 0.0134       | 166.38  | -230179.301539 |
| KNCUSDT       | 0.001511      | 0.001808    | 0.06993      | 47.72         | 0.01651      | 0.01665     | 0.06238        | 0.7585                 | 0.01449      | 1141.63 | -230179.301511 |
| KAVAUSDT      | 0.001509      | 0.001811    | 0.06994      | 59.87         | 0.01573      | 0.01935     | 0.06796        | 0.6873                 | 0.01595      | 1105.7  | -230179.301509 |
| AVAXUSDT      | 0.001507      | 0.00214     | 0.06875      | 78.58         | 0.01274      | 0.0174      | 0.005744       | 0.7155                 | 0.01477      | 1047.71 | -230179.301507 |
| 1INCHUSDT     | 0.001505      | 0.001596    | 0.06938      | 50.72         | 0.01074      | 0.01139     | 0.005105       | 0.856                  | 0.007567     | 954.58  | -230179.301505 |
| XVSUSDT       | 0.001495      | 0.001052    | 0.04788      | 33.9          | 0.00921      | 0.01024     | 0.005173       | 0.9619                 | 0.002641     | 116.89  | -230179.301495 |
| UNFIUSDT      | 0.001494      | 0.001365    | 0.0698       | 48.6          | 0.01418      | 0.01926     | 0.02298        | 0.7362                 | 0.01185      | 898.71  | -230179.301494 |
| 1000PEPEUSDT  | 0.001469      | 0.001437    | 0.0254       | 36.67         | 0.01097      | 0.01273     | 0.04034        | 0.984                  | 0.001331     | 94.31   | -230179.301469 |
| IOSTUSDT      | 0.001466      | 0.001372    | 0.06996      | 75.73         | 0.01389      | 0.01603     | 0.01043        | 0.8269                 | 0.00792      | 1263.66 | -230179.301466 |
| PHBUSDT       | 0.001463      | 0.0016      | 0.03277      | 80.7          | 0.009656     | 0.009813    | 0.001737       | 0.9818                 | 0.001335     | 172.39  | -230179.301463 |
| JASMYUSDT     | 0.001459      | 0.001457    | 0.04331      | 56.43         | 0.007209     | 0.00746     | 0.00616        | 0.9433                 | 0.00322      | 474.85  | -230179.301459 |
| FLMUSDT       | 0.001453      | 0.002093    | 0.06988      | 83.18         | 0.0158       | 0.01729     | 0.02836        | 0.5278                 | 0.01536      | 1041.71 | -230179.301453 |
| CELOUSDT      | 0.00142       | 0.001468    | 0.05905      | 79.98         | 0.0114       | 0.01394     | 0.01421        | 0.7997                 | 0.01104      | 679.85  | -230179.30142  |
| SXPUSDT       | 0.001413      | 0.001488    | 0.06766      | 27.82         | 0.01306      | 0.01318     | 0.01576        | 0.908                  | 0.00523      | 1112.62 | -230179.301413 |
| OMGUSDT       | 0.001411      | 0.001604    | 0.06934      | 81.8          | 0.01081      | 0.01684     | 0.02385        | 0.7983                 | 0.01338      | 1131.62 | -230179.301411 |
| UNIUSDT       | 0.001404      | 0.001599    | 0.06994      | 52.62         | 0.01225      | 0.01393     | 0.02507        | 0.8111                 | 0.008875     | 1052.71 | -230179.301404 |
| CFXUSDT       | 0.001392      | 0.00147     | 0.06739      | 49.53         | 0.0171       | 0.01928     | 0.02718        | 0.8659                 | 0.01455      | 168.39  | -230179.301392 |
| MATICUSDT     | 0.00139       | 0.00126     | 0.06959      | 33.6          | 0.0146       | 0.01677     | 0.009794       | 0.8181                 | 0.007149     | 1018.71 | -230179.30139  |
| DASHUSDT      | 0.001347      | 0.001319    | 0.06959      | 54.07         | 0.0138       | 0.01536     | 0.03254        | 0.7465                 | 0.01099      | 1280.66 | -230179.301347 |
| NEOUSDT       | 0.001346      | 0.001458    | 0.06999      | 81.27         | 0.01361      | 0.01357     | 0.012          | 0.8725                 | 0.00866      | 1267.63 | -230179.301346 |
| MAGICUSDT     | 0.001331      | 0.001265    | 0.06948      | 30.22         | 0.01603      | 0.0199      | 0.05113        | 0.7814                 | 0.01818      | 194.87  | -230179.301331 |
| KSMUSDT       | 0.00133       | 0.001248    | 0.06951      | 73.4          | 0.01644      | 0.01706     | 0.03431        | 0.8696                 | 0.009653     | 1026.71 | -230179.30133  |
| DOTUSDT       | 0.001299      | 0.001459    | 0.06988      | 41.42         | 0.008593     | 0.01067     | 0.02139        | 0.8548                 | 0.008189     | 1080.71 | -230179.301299 |
| AAVEUSDT      | 0.001291      | 0.001178    | 0.06849      | 29.72         | 0.01578      | 0.01795     | 0.0257         | 0.8317                 | 0.01029      | 1024.71 | -230179.301291 |
| THETAUSDT     | 0.001286      | 0.00126     | 0.06478      | 68.87         | 0.01401      | 0.01623     | 0.01098        | 0.8038                 | 0.01007      | 1167.66 | -230179.301286 |
| GTCUSDT       | 0.001281      | 0.002172    | 0.06811      | 95.48         | 0.01661      | 0.01889     | 0.05385        | 0.5876                 | 0.01815      | 787.85  | -230179.301281 |
| FETUSDT       | 0.001279      | 0.001547    | 0.0643       | 33.12         | 0.01214      | 0.01951     | 0.03906        | 0.8307                 | 0.01808      | 202.89  | -230179.301279 |
| XVGUSDT       | 0.001277      | 0.003862    | 0.02041      | 34.02         | 0.008689     | 0.007996    | 0.001821       | 0.9815                 | 0.002868     | 33.5    | -230179.301277 |
| QTUMUSDT      | 0.001277      | 0.001488    | 0.06996      | 50.67         | 0.01365      | 0.01871     | 0.03933        | 0.7423                 | 0.0166       | 1264.66 | -230179.301277 |
| MKRUSDT       | 0.001277      | 0.001038    | 0.0654       | 46.18         | 0.01833      | 0.01951     | 0.03599        | 0.771                  | 0.01113      | 1089.71 | -230179.301277 |
| WAVESUSDT     | 0.001272      | 0.001389    | 0.06322      | 71.35         | 0.01766      | 0.01998     | 0.02021        | 0.7362                 | 0.01291      | 1090.71 | -230179.301272 |
| ALGOUSDT      | 0.001269      | 0.002069    | 0.06818      | 35.87         | 0.01256      | 0.01264     | 0.04812        | 0.8228                 | 0.009648     | 1147.62 | -230179.301269 |
| IMXUSDT       | 0.001266      | 0.001242    | 0.04159      | 41.88         | 0.01595      | 0.01718     | 0.01365        | 0.8587                 | 0.007278     | 542.85  | -230179.301266 |
| IOTAUSDT      | 0.001262      | 0.001832    | 0.06938      | 71.9          | 0.007432     | 0.01148     | 0.003155       | 0.8231                 | 0.008905     | 1272.66 | -230179.301262 |
| ARPAUSDT      | 0.00126       | 0.001339    | 0.06952      | 51.67         | 0.0108       | 0.01084     | 0.00661        | 0.8864                 | 0.00626      | 657.85  | -230179.30126  |
| FTMUSDT       | 0.001254      | 0.001673    | 0.06239      | 55.02         | 0.01447      | 0.01561     | 0.01106        | 0.7649                 | 0.01083      | 1046.71 | -230179.301254 |
| GMXUSDT       | 0.001234      | 0.0008709   | 0.06838      | 59.08         | 0.01217      | 0.0121      | 0.0578         | 0.972                  | 0.002946     | 171.39  | -230179.301234 |
| DUSKUSDT      | 0.001228      | 0.001191    | 0.05981      | 36.58         | 0.01264      | 0.01395     | 0.00642        | 0.8802                 | 0.004932     | 577.85  | -230179.301228 |
| XTZUSDT       | 0.001227      | 0.001686    | 0.06554      | 58.05         | 0.01096      | 0.01192     | 0.009742       | 0.8476                 | 0.009504     | 1278.66 | -230179.301227 |
| BAKEUSDT      | 0.001211      | 0.001299    | 0.0666       | 53.87         | 0.01635      | 0.0197      | 0.07035        | 0.6083                 | 0.01757      | 810.71  | -230179.301211 |
| DOGEUSDT      | 0.001195      | 0.001434    | 0.05669      | 77.42         | 0.01036      | 0.01719     | 0.04437        | 0.7013                 | 0.01425      | 1123.62 | -230179.301195 |
| ATAUSDT       | 0.00119       | 0.001152    | 0.06262      | 78.48         | 0.01433      | 0.0158      | 0.01731        | 0.8479                 | 0.0104       | 706.85  | -230179.30119  |
| SPELLUSDT     | 0.001187      | 0.001705    | 0.03684      | 84.27         | 0.008198     | 0.008553    | 0.005652       | 0.9191                 | 0.004454     | 335.5   | -230179.301187 |
| HOOKUSDT      | 0.001183      | 0.001301    | 0.04446      | 35.42         | 0.01199      | 0.01241     | 0.02685        | 0.9396                 | 0.004788     | 196.87  | -230179.301183 |
| BCHUSDT       | 0.001169      | 0.001038    | 0.06849      | 55.87         | 0.01336      | 0.01633     | 0.04633        | 0.6872                 | 0.009913     | 1315.0  | -230179.301169 |
| C98USDT       | 0.001167      | 0.001198    | 0.05812      | 88.68         | 0.01607      | 0.01665     | 0.01686        | 0.8435                 | 0.007828     | 713.85  | -230179.301167 |
| BATUSDT       | 0.001558      | 0.001529    | 0.07004      | 59.77         | 0.01504      | 0.01369     | 0.02107        | 0.89                   | 0.00604      | 1271.66 | -230179.301157 |
| CKBUSDT       | 0.001152      | 0.001346    | 0.06756      | 27.05         | 0.01068      | 0.01092     | 0.01009        | 0.9584                 | 0.00313      | 160.5   | -230179.301152 |
| SOLUSDT       | 0.001143      | 0.001309    | 0.04257      | 39.62         | 0.01504      | 0.01476     | 0.02269        | 0.895                  | 0.004521     | 1056.71 | -230179.301143 |
| LINKUSDT      | 0.001138      | 0.001177    | 0.0698       | 60.85         | 0.0142       | 0.01377     | 0.02488        | 0.8311                 | 0.00847      | 1298.66 | -230179.301138 |
| EOSUSDT       | 0.001127      | 0.001673    | 0.06789      | 75.95         | 0.00945      | 0.01192     | 0.04032        | 0.7337                 | 0.009654     | 1307.66 | -230179.301127 |
| API3USDT      | 0.001097      | 0.001185    | 0.05432      | 91.43         | 0.01315      | 0.01534     | 0.008726       | 0.8815                 | 0.005063     | 531.85  | -230179.301097 |
| ARUSDT        | 0.001089      | 0.001007    | 0.06492      | 33.5          | 0.0177       | 0.01915     | 0.06231        | 0.8391                 | 0.009422     | 678.85  | -230179.301089 |
| ARBUSDT       | 0.001082      | 0.001184    | 0.0675       | 37.18         | 0.01186      | 0.01321     | 0.01286        | 0.9373                 | 0.006963     | 137.37  | -230179.301082 |
| FLOWUSDT      | 0.001081      | 0.001083    | 0.06801      | 72.6          | 0.01254      | 0.01311     | 0.01313        | 0.9104                 | 0.006962     | 543.85  | -230179.301081 |
| 1000LUNCUSDT  | 0.00107       | 0.001164    | 0.06392      | 43.8          | 0.01198      | 0.01834     | 0.02318        | 0.7615                 | 0.01342      | 332.46  | -230179.30107  |
| XRPUSDT       | 0.001064      | 0.001602    | 0.06942      | 23.88         | 0.007297     | 0.01415     | 0.0332         | 0.7625                 | 0.01442      | 1309.65 | -230179.301064 |
| APEUSDT       | 0.001042      | 0.001447    | 0.04747      | 94.52         | 0.01303      | 0.01407     | 0.007837       | 0.8369                 | 0.007949     | 508.37  | -230179.301042 |
| FXSUSDT       | 0.001039      | 0.001103    | 0.06889      | 52.15         | 0.01296      | 0.01272     | 0.04078        | 0.915                  | 0.007937     | 199.87  | -230179.301039 |
| WLDUSDT       | 0.001035      | 0.001511    | 0.01678      | 17.5          | 0.007854     | 0.007792    | 0.001065       | 0.9984                 | 0.0003172    | 14.5    | -230179.301035 |
| VETUSDT       | 0.001035      | 0.001309    | 0.06995      | 79.68         | 0.0145       | 0.01936     | 0.05729        | 0.7176                 | 0.01668      | 1270.66 | -230179.301035 |
| ZILUSDT       | 0.001032      | 0.001369    | 0.06992      | 50.43         | 0.009943     | 0.01565     | 0.02414        | 0.7965                 | 0.01602      | 1145.62 | -230179.301032 |
| LTCUSDT       | 0.001032      | 0.001142    | 0.06945      | 53.88         | 0.01236      | 0.01363     | 0.05137        | 0.7775                 | 0.01052      | 1306.66 | -230179.301032 |
| WOOUSDT       | 0.001013      | 0.001283    | 0.06949      | 71.53         | 0.01615      | 0.01825     | 0.01782        | 0.86                   | 0.01061      | 486.85  | -230179.301013 |
| PEOPLEUSDT    | 0.0009914     | 0.000946    | 0.04977      | 50.45         | 0.01741      | 0.01983     | 0.06443        | 0.8112                 | 0.008406     | 591.83  | -230179.300991 |
| EGLDUSDT      | 0.0009867     | 0.001117    | 0.06382      | 48.3          | 0.01324      | 0.01441     | 0.04837        | 0.8431                 | 0.009964     | 1056.71 | -230179.300987 |
| BALUSDT       | 0.0009839     | 0.00117     | 0.06807      | 86.28         | 0.01732      | 0.01943     | 0.04611        | 0.8167                 | 0.01166      | 1070.71 | -230179.300984 |
| XMRUSDT       | 0.0009835     | 0.00102     | 0.06986      | 63.4          | 0.01085      | 0.01449     | 0.006652       | 0.8316                 | 0.01104      | 1281.66 | -230179.300983 |
| DYDXUSDT      | 0.0009752     | 0.001042    | 0.03201      | 58.83         | 0.01165      | 0.01152     | 0.06086        | 0.9208                 | 0.003794     | 696.85  | -230179.300975 |
| FILUSDT       | 0.0009616     | 0.001018    | 0.06994      | 51.2          | 0.01548      | 0.01805     | 0.06238        | 0.7597                 | 0.01005      | 1024.75 | -230179.300962 |
| CTSIUSDT      | 0.0009579     | 0.00103     | 0.05614      | 50.62         | 0.01473      | 0.0179      | 0.06329        | 0.813                  | 0.01412      | 650.85  | -230179.300958 |
| TRXUSDT       | 0.0009552     | 0.001014    | 0.06989      | 54.68         | 0.01034      | 0.01058     | 0.01914        | 0.8613                 | 0.006161     | 1300.66 | -230179.300955 |
| DARUSDT       | 0.0009012     | 0.0008932   | 0.06589      | 39.73         | 0.01324      | 0.01976     | 0.08673        | 0.8039                 | 0.01807      | 465.85  | -230179.300901 |
| LPTUSDT       | 0.0008966     | 0.001086    | 0.06279      | 68.8          | 0.01529      | 0.01905     | 0.04477        | 0.7177                 | 0.01182      | 634.85  | -230179.300897 |
| ROSEUSDT      | 0.0008764     | 0.0008887   | 0.05016      | 67.8          | 0.01221      | 0.01861     | 0.09056        | 0.7749                 | 0.01523      | 584.85  | -230179.300876 |
| RUNEUSDT      | 0.0008709     | 0.0008112   | 0.05943      | 44.02         | 0.01681      | 0.01957     | 0.02071        | 0.7326                 | 0.01318      | 1066.7  | -230179.300871 |
| ZECUSDT       | 0.0008421     | 0.0009672   | 0.06734      | 63.77         | 0.01351      | 0.01728     | 0.09711        | 0.7737                 | 0.01418      | 1279.66 | -230179.300842 |
| 1000XECUSDT   | 0.0008329     | 0.0008443   | 0.0584       | 86.02         | 0.01267      | 0.01484     | 0.06434        | 0.8594                 | 0.008093     | 689.85  | -230179.300833 |
| 1000SHIBUSDT  | 0.0008273     | 0.001086    | 0.05059      | 39.6          | 0.01175      | 0.01887     | 0.05738        | 0.7269                 | 0.01696      | 819.26  | -230179.300827 |
| IOTXUSDT      | 0.0008231     | 0.0009018   | 0.05486      | 61.97         | 0.01524      | 0.01767     | 0.0627         | 0.7272                 | 0.01014      | 725.85  | -230179.300823 |
| XLMUSDT       | 0.0008092     | 0.0008141   | 0.06537      | 60.97         | 0.0163       | 0.0156      | 0.07253        | 0.8349                 | 0.01134      | 1295.66 | -230179.300809 |
| FOOTBALLUSDT  | 0.0007403     | 0.0009881   | 0.04995      | 20.35         | 0.005503     | 0.008459    | 0.03846        | 0.9088                 | 0.007947     | 340.87  | -230179.30074  |
| YFIUSDT       | 0.0007289     | 0.001071    | 0.06134      | 74.32         | 0.01445      | 0.01984     | 0.01571        | 0.7326                 | 0.0156       | 1071.71 | -230179.300729 |
| BNBUSDT       | 0.0006983     | 0.0007731   | 0.06992      | 75.45         | 0.009446     | 0.01469     | 0.02198        | 0.8388                 | 0.01151      | 1274.66 | -230179.300698 |
| BLUEBIRDUSDT  | 0.0006928     | 0.0006325   | 0.04969      | 66.47         | 0.005348     | 0.006062    | 0.002738       | 0.9637                 | 0.002516     | 278.5   | -230179.300693 |
| STGUSDT       | 0.0006866     | 0.0008017   | 0.02267      | 86.97         | 0.007838     | 0.009935    | 0.001363       | 0.8691                 | 0.005006     | 347.5   | -230179.300687 |
| QNTUSDT       | 0.0006803     | 0.0008849   | 0.06688      | 34.62         | 0.01047      | 0.009773    | 0.06559        | 0.9286                 | 0.007563     | 291.89  | -230179.30068  |
| ADAUSDT       | 0.0006526     | 0.001095    | 0.06791      | 78.85         | 0.01384      | 0.01965     | 0.09397        | 0.7446                 | 0.01866      | 1284.66 | -230179.300653 |
| CVXUSDT       | 0.0006488     | 0.0007294   | 0.0652       | 70.72         | 0.01181      | 0.01313     | 0.03118        | 0.8796                 | 0.009948     | 319.49  | -230179.300649 |
| ETHUSDT       | 0.0006378     | 0.0007048   | 0.0697       | 59.52         | 0.01232      | 0.01477     | 0.03111        | 0.8617                 | 0.01036      | 1315.0  | -230179.300638 |
| JOEUSDT       | 0.0005928     | 0.0009667   | 0.03515      | 59.27         | 0.01465      | 0.01489     | 0.01584        | 0.964                  | 0.003169     | 131.49  | -230179.300593 |
| ETCUSDT       | 0.0005638     | 0.0008617   | 0.03473      | 37.78         | 0.008618     | 0.01375     | 0.01269        | 0.6799                 | 0.01236      | 1299.66 | -230179.300564 |
| ICPUSDT       | 0.0005564     | 0.0006477   | 0.04305      | 49.92         | 0.01131      | 0.0105      | 0.03195        | 0.9268                 | 0.004965     | 314.89  | -230179.300556 |
| IDUSDT        | 0.0005359     | 0.0009052   | 0.02182      | 30.12         | 0.008165     | 0.007908    | 0.005697       | 0.9406                 | 0.003911     | 137.39  | -230179.300536 |
| AXSUSDT       | 0.0004183     | 0.0008019   | 0.03208      | 87.8          | 0.01925      | 0.01943     | 0.04039        | 0.8041                 | 0.007757     | 989.7   | -230179.300418 |
| KLAYUSDT      | 0.0004135     | 0.0004257   | 0.02799      | 94.47         | 0.01334      | 0.01479     | 0.05918        | 0.8318                 | 0.00753      | 664.85  | -230179.300413 |
| ATOMUSDT      | 0.001431      | 0.002137    | 0.0701       | 64.67         | 0.009439     | 0.0136      | 0.04506        | 0.8271                 | 0.01137      | 1277.49 | -230179.300401 |
| RNDRUSDT      | 0.0003285     | 0.0007145   | 0.03418      | 54.67         | 0.01952      | 0.0181      | 0.04067        | 0.9303                 | 0.00499      | 185.89  | -230179.300329 |
| BTCUSDT       | 0.0002982     | 0.0003719   | 0.04737      | 89.95         | 0.00924      | 0.01052     | 0.07504        | 0.9098                 | 0.00651      | 1315.0  | -230179.300298 |
| COCOSUSDT     | 0.000187      | 0.001618    | 0.03807      | 46.75         | 0.0113       | 0.009831    | 0.02381        | 0.9443                 | 0.005247     | 167.38  | -230179.300187 |
| STXUSDT       | 0.001346      | 0.0016      | 0.07461      | 43.08         | 0.01647      | 0.01968     | 0.02401        | 0.8199                 | 0.01536      | 167.39  | -230179.255288 |
| LDOUSDT       | 0.001801      | 0.00196     | 0.1187       | 69.62         | 0.01334      | 0.01591     | 0.01381        | 0.879                  | 0.01273      | 319.5   | -230178.814816 |
| INJUSDT       | 0.001258      | 0.002054    | 0.07018      | 40.22         | 0.01195      | 0.02169     | 0.09009        | 0.8106                 | 0.01983      | 355.88  | -230162.401846 |
| AUDIOUSDT     | 0.001072      | 0.001085    | 0.08547      | 55.25         | 0.01665      | 0.02395     | 0.04074        | 0.7457                 | 0.02069      | 718.85  | -230139.693116 |
| APTUSDT       | 0.0002929     | 0.0008702   | 0.03486      | 49.7          | 0.01692      | 0.01843     | 0.1044         | 0.8697                 | 0.009259     | 292.92  | -229741.658238 |
| BTCDOMUSDT    | 6.298e-05     | 0.000174    | 0.1057       | 125.5         | 0.01047      | 0.01408     | 0.4113         | 0.855                  | 0.0125       | 777.85  | -196100.969616 |
| ANTUSDT       | -0.0006796    | 0.0009436   | 0.1035       | 56.47         | 0.01918      | 0.02801     | 0.2849         | 0.7193                 | 0.02851      | 588.83  | -176509.011635 |
| USDCUSDT      | -2.319e-05    | -3.598e-05  | 0.9042       | 21.85         | 0.001785     | 0.001617    | 1.0            | 0.9958                 | 0.0009227    | 148.29  | -140170.957741 |
| GALAUSDT      | 0.001101      | 0.001022    | 0.06         | 48.68         | 0.01907      | 0.04048     | 0.04204        | 0.4989                 | 0.0443       | 688.85  | -35904.987865  |
| OPUSDT        | 0.0001995     | 0.00084     | 0.1836       | 54.55         | 0.03282      | 0.04402     | 0.3947         | 0.6919                 | 0.04452      | 432.41  | -5272.27484247 |
| GMTUSDT       | 2.069e-05     | 0.0001209   | 0.5641       | 48.48         | 0.1672       | 0.1672      | 0.7864         | -0.7015                | 0.3386       | 510.83  | 4177882.33571  |
| MASKUSDT      | -1.313e-05    | 0.00061     | 0.348        | 71.35         | 0.1865       | 0.1975      | 0.3945         | -0.8706                | 0.3686       | 710.85  | 4607553.63072  |
+---------------+---------------+-------------+--------------+---------------+--------------+-------------+----------------+------------------------+--------------+---------+----------------+

