+--------------------------------------------------------------------------------------------------------------------------------------------------------------------------------------------+
|                                                                                            long                                                                                            |
+--------------+---------------+-------------+--------------+---------------+--------------+-------------+----------------+------------------------+--------------+---------+----------------+
| symbol       | adg_w_per_exp | adg_per_exp | exp_rts_mean | hrs_stuck_max | pa_dist_mean | pa_dist_std | loss_profit_rt | eqbal_rt_10_worst_mean | eqbal_rt_std | n_days  | score          |
+--------------+---------------+-------------+--------------+---------------+--------------+-------------+----------------+------------------------+--------------+---------+----------------+
| DOGEUSDT     | 0.00109       | 0.002442    | 0.07496      | 43.67         | 0.01101      | 0.01461     | 0.06847        | 0.7509                 | 0.01057      | 1066.62 | -240179.25109  |
| RNDRUSDT     | 0.001915      | 0.002166    | 0.05535      | 52.3          | 0.01429      | 0.01176     | 0.005234       | 0.9456                 | 0.005501     | 128.89  | -240179.251915 |
| LRCUSDT      | 0.000871      | 0.002074    | 0.07365      | 83.73         | 0.01607      | 0.01891     | 0.05697        | 0.7495                 | 0.01187      | 966.7   | -240179.250871 |
| COTIUSDT     | 0.001178      | 0.00196     | 0.07247      | 28.0          | 0.0113       | 0.01771     | 0.05675        | 0.7713                 | 0.01294      | 823.71  | -240179.251178 |
| CFXUSDT      | 0.002285      | 0.001898    | 0.05225      | 63.9          | 0.01626      | 0.01288     | 0.02099        | 0.9683                 | 0.003412     | 111.39  | -240179.252285 |
| NKNUSDT      | 0.001335      | 0.001863    | 0.07484      | 53.62         | 0.01393      | 0.01801     | 0.01672        | 0.75                   | 0.01213      | 794.71  | -240179.251335 |
| CTKUSDT      | 0.0008901     | 0.001839    | 0.07498      | 43.53         | 0.0115       | 0.01344     | 0.01847        | 0.8383                 | 0.007629     | 934.71  | -240179.25089  |
| CELRUSDT     | 0.001369      | 0.001835    | 0.075        | 40.62         | 0.01358      | 0.01497     | 0.01534        | 0.8264                 | 0.009408     | 804.71  | -240179.251369 |
| DENTUSDT     | 0.0008414     | 0.001778    | 0.06233      | 55.12         | 0.01089      | 0.0186      | 0.04122        | 0.7645                 | 0.01136      | 809.83  | -240179.250841 |
| GRTUSDT      | 0.001137      | 0.001773    | 0.07498      | 27.92         | 0.01535      | 0.0169      | 0.08524        | 0.7818                 | 0.01214      | 904.71  | -240179.251137 |
| ALGOUSDT     | 0.000771      | 0.001744    | 0.075        | 43.0          | 0.0129       | 0.01345     | 0.06203        | 0.8083                 | 0.008705     | 1090.62 | -240179.250771 |
| AVAXUSDT     | 0.000855      | 0.001718    | 0.07498      | 51.95         | 0.01107      | 0.01951     | 0.06142        | 0.7565                 | 0.01334      | 991.71  | -240179.250855 |
| OMGUSDT      | 0.001236      | 0.001701    | 0.07496      | 61.83         | 0.01449      | 0.01756     | 0.04576        | 0.7752                 | 0.01157      | 1075.62 | -240179.251236 |
| IMXUSDT      | 0.001078      | 0.001658    | 0.06817      | 42.23         | 0.008491     | 0.009328    | 0.008141       | 0.9276                 | 0.005807     | 485.85  | -240179.251078 |
| SOLUSDT      | 0.0008541     | 0.001654    | 0.04917      | 60.87         | 0.01546      | 0.0186      | 0.08403        | 0.7283                 | 0.01084      | 1000.71 | -240179.250854 |
| STXUSDT      | 0.001555      | 0.001609    | 0.07139      | 39.0          | 0.01261      | 0.01187     | 0.006353       | 0.9229                 | 0.007596     | 111.39  | -240179.251555 |
| DGBUSDT      | 0.0008686     | 0.001601    | 0.0747       | 55.62         | 0.01379      | 0.01743     | 0.0218         | 0.7944                 | 0.01134      | 781.85  | -240179.250869 |
| 1000SHIBUSDT | 0.0006398     | 0.001597    | 0.04907      | 31.93         | 0.009065     | 0.01311     | 0.04959        | 0.8812                 | 0.008924     | 762.26  | -240179.25064  |
| INJUSDT      | 0.0019        | 0.001561    | 0.07393      | 43.58         | 0.01343      | 0.01578     | 0.04901        | 0.8053                 | 0.01074      | 298.88  | -240179.2519   |
| FTMUSDT      | 0.0008488     | 0.00155     | 0.07399      | 52.92         | 0.01704      | 0.01967     | 0.02576        | 0.7999                 | 0.01306      | 990.71  | -240179.250849 |
| EDUUSDT      | 0.002466      | 0.001541    | 0.05721      | 28.85         | 0.01348      | 0.01103     | 0.001761       | 0.9806                 | 0.002879     | 42.5    | -240179.252466 |
| TOMOUSDT     | 0.001086      | 0.001532    | 0.05893      | 55.12         | 0.01391      | 0.01874     | 0.04409        | 0.8482                 | 0.01225      | 973.71  | -240179.251086 |
| CHRUSDT      | 0.0008908     | 0.001518    | 0.07473      | 51.82         | 0.01383      | 0.01614     | 0.01216        | 0.8535                 | 0.01065      | 821.71  | -240179.250891 |
| IDUSDT       | 0.002526      | 0.00151     | 0.06404      | 67.77         | 0.01116      | 0.01039     | 0.002511       | 0.9479                 | 0.005241     | 80.39   | -240179.252526 |
| UNFIUSDT     | 0.0008793     | 0.00151     | 0.07342      | 54.23         | 0.01688      | 0.01982     | 0.03858        | 0.7853                 | 0.0128       | 843.71  | -240179.250879 |
| FETUSDT      | 0.001054      | 0.00149     | 0.07404      | 57.12         | 0.009984     | 0.01443     | 0.01411        | 0.9027                 | 0.0104       | 145.89  | -240179.251054 |
| XRPUSDT      | 0.0008374     | 0.001486    | 0.07444      | 52.7          | 0.01067      | 0.01202     | 0.03417        | 0.8524                 | 0.006743     | 1253.65 | -240179.250837 |
| HBARUSDT     | 0.001012      | 0.001473    | 0.075        | 61.92         | 0.01135      | 0.01931     | 0.04441        | 0.8131                 | 0.01291      | 816.71  | -240179.251012 |
| 1000LUNCUSDT | 0.001226      | 0.001469    | 0.05946      | 49.33         | 0.0125       | 0.0109      | 0.01612        | 0.9204                 | 0.005662     | 275.46  | -240179.251226 |
| THETAUSDT    | 0.0007957     | 0.001453    | 0.07487      | 32.75         | 0.01338      | 0.01847     | 0.0783         | 0.736                  | 0.01337      | 1110.66 | -240179.250796 |
| SKLUSDT      | 0.0008869     | 0.001421    | 0.07337      | 46.4          | 0.01588      | 0.01986     | 0.04407        | 0.7918                 | 0.01341      | 915.68  | -240179.250887 |
| RUNEUSDT     | 0.0007409     | 0.001411    | 0.07302      | 60.58         | 0.01709      | 0.01919     | 0.01808        | 0.7893                 | 0.01006      | 1011.7  | -240179.250741 |
| GALUSDT      | 0.0008362     | 0.001408    | 0.06756      | 46.82         | 0.01621      | 0.01557     | 0.06778        | 0.8751                 | 0.008642     | 402.41  | -240179.250836 |
| HOOKUSDT     | 0.001295      | 0.001408    | 0.06658      | 43.17         | 0.01474      | 0.01194     | 0.02372        | 0.9466                 | 0.006127     | 139.87  | -240179.251295 |
| IOTAUSDT     | 0.0006513     | 0.001387    | 0.075        | 56.02         | 0.0161       | 0.01543     | 0.07778        | 0.8304                 | 0.009629     | 1215.66 | -240179.250651 |
| DOTUSDT      | 0.0006444     | 0.001371    | 0.0695       | 57.52         | 0.008805     | 0.01129     | 0.02836        | 0.9173                 | 0.007558     | 1023.71 | -240179.250644 |
| RDNTUSDT     | 0.002586      | 0.001354    | 0.06397      | 31.38         | 0.01267      | 0.01047     | 0.01248        | 0.97                   | 0.003514     | 68.5    | -240179.252586 |
| SNXUSDT      | 0.0008953     | 0.001347    | 0.06312      | 64.15         | 0.01327      | 0.01404     | 0.02446        | 0.8688                 | 0.008639     | 1031.7  | -240179.250895 |
| MATICUSDT    | 0.0006917     | 0.001342    | 0.05033      | 57.1          | 0.01213      | 0.01827     | 0.01116        | 0.7993                 | 0.01221      | 962.71  | -240179.250692 |
| MKRUSDT      | 0.00103       | 0.001342    | 0.07496      | 53.13         | 0.01045      | 0.01842     | 0.03063        | 0.7904                 | 0.01258      | 1032.71 | -240179.25103  |
| ARBUSDT      | 0.001401      | 0.001336    | 0.05759      | 37.92         | 0.007322     | 0.007034    | 6.703e-05      | 0.9837                 | 0.001761     | 80.37   | -240179.251401 |
| ETCUSDT      | 0.0007754     | 0.001331    | 0.07269      | 70.12         | 0.01507      | 0.01841     | 0.05644        | 0.7522                 | 0.01298      | 1242.66 | -240179.250775 |
| OPUSDT       | 0.001009      | 0.001328    | 0.05777      | 54.93         | 0.01449      | 0.01389     | 0.02061        | 0.8602                 | 0.008292     | 376.41  | -240179.251009 |
| 1INCHUSDT    | 0.0005984     | 0.001314    | 0.07487      | 67.47         | 0.01489      | 0.01852     | 0.04378        | 0.8068                 | 0.01275      | 898.58  | -240179.250598 |
| BELUSDT      | 0.0008785     | 0.001305    | 0.07488      | 40.28         | 0.01999      | 0.01942     | 0.07276        | 0.788                  | 0.01263      | 935.71  | -240179.250879 |
| XLMUSDT      | 0.0005494     | 0.001301    | 0.07393      | 52.08         | 0.01365      | 0.01321     | 0.03205        | 0.8705                 | 0.00499      | 1239.66 | -240179.250549 |
| ZENUSDT      | 0.0009112     | 0.001285    | 0.07493      | 44.23         | 0.01555      | 0.01943     | 0.04427        | 0.7713                 | 0.01227      | 929.71  | -240179.250911 |
| AMBUSDT      | 0.002954      | 0.001281    | 0.05057      | 41.05         | 0.01659      | 0.01289     | 0.0377         | 0.9756                 | 0.00296      | 73.5    | -240179.252954 |
| RLCUSDT      | 0.0009537     | 0.001278    | 0.07269      | 39.42         | 0.01585      | 0.01979     | 0.05648        | 0.7595                 | 0.01471      | 1045.71 | -240179.250954 |
| HOTUSDT      | 0.0007019     | 0.001276    | 0.07483      | 70.82         | 0.01246      | 0.01984     | 0.08817        | 0.8056                 | 0.01373      | 803.71  | -240179.250702 |
| HIGHUSDT     | 0.001228      | 0.001263    | 0.06122      | 31.4          | 0.01925      | 0.01605     | 0.03554        | 0.9357                 | 0.006264     | 124.89  | -240179.251228 |
| KNCUSDT      | 0.0008026     | 0.001259    | 0.07081      | 32.48         | 0.01544      | 0.01906     | 0.05508        | 0.824                  | 0.01241      | 1084.63 | -240179.250803 |
| LUNA2USDT    | 0.001112      | 0.001259    | 0.06383      | 28.48         | 0.01142      | 0.01429     | 0.0702         | 0.8915                 | 0.01047      | 274.87  | -240179.251112 |
| OCEANUSDT    | 0.001036      | 0.001259    | 0.07491      | 25.77         | 0.01723      | 0.01767     | 0.06353        | 0.843                  | 0.01007      | 950.71  | -240179.251036 |
| YFIUSDT      | 0.0007156     | 0.001256    | 0.07224      | 67.97         | 0.01576      | 0.01605     | 0.04139        | 0.8455                 | 0.01071      | 1015.71 | -240179.250716 |
| ATOMUSDT     | 0.0007311     | 0.001256    | 0.07498      | 48.53         | 0.0191       | 0.01796     | 0.0495         | 0.8337                 | 0.009382     | 1220.49 | -240179.250731 |
| MTLUSDT      | 0.0008038     | 0.001247    | 0.05229      | 76.6          | 0.01635      | 0.01878     | 0.05801        | 0.774                  | 0.01167      | 802.71  | -240179.250804 |
| ENJUSDT      | 0.0007979     | 0.001244    | 0.07263      | 58.7          | 0.01687      | 0.017       | 0.02947        | 0.8067                 | 0.009626     | 985.71  | -240179.250798 |
| BATUSDT      | 0.0007218     | 0.00124     | 0.07498      | 45.9          | 0.01729      | 0.01602     | 0.07216        | 0.8071                 | 0.009725     | 1214.66 | -240179.250722 |
| CHZUSDT      | 0.000644      | 0.001235    | 0.06825      | 54.9          | 0.02         | 0.01911     | 0.05567        | 0.8667                 | 0.007262     | 871.71  | -240179.250644 |
| RENUSDT      | 0.0008637     | 0.001226    | 0.06342      | 54.43         | 0.01838      | 0.01995     | 0.04156        | 0.7935                 | 0.0127       | 971.71  | -240179.250864 |
| ZILUSDT      | 0.0006391     | 0.001215    | 0.07499      | 50.85         | 0.01572      | 0.01844     | 0.04962        | 0.8258                 | 0.01323      | 1089.62 | -240179.250639 |
| MINAUSDT     | 0.001023      | 0.001207    | 0.04573      | 41.95         | 0.00697      | 0.007245    | 0.001977       | 0.9626                 | 0.002853     | 125.54  | -240179.251023 |
| COMPUSDT     | 0.0006878     | 0.001207    | 0.07457      | 38.87         | 0.01553      | 0.01742     | 0.08965        | 0.8249                 | 0.01222      | 1076.62 | -240179.250688 |
| ZRXUSDT      | 0.0008084     | 0.001205    | 0.07471      | 36.62         | 0.01652      | 0.01739     | 0.06417        | 0.8368                 | 0.01139      | 1083.62 | -240179.250808 |
| EGLDUSDT     | 0.0006864     | 0.001204    | 0.05986      | 61.1          | 0.01188      | 0.02        | 0.01813        | 0.7742                 | 0.0136       | 1000.71 | -240179.250686 |
| XMRUSDT      | 0.0008166     | 0.001197    | 0.07498      | 39.4          | 0.01091      | 0.01785     | 0.02353        | 0.8106                 | 0.01211      | 1225.66 | -240179.250817 |
| RVNUSDT      | 0.0007736     | 0.001169    | 0.07489      | 65.4          | 0.01555      | 0.01987     | 0.03432        | 0.8166                 | 0.01272      | 838.71  | -240179.250774 |
| MANAUSDT     | 0.0006548     | 0.001162    | 0.06857      | 76.83         | 0.01466      | 0.01796     | 0.04162        | 0.7973                 | 0.01184      | 818.71  | -240179.250655 |
| XTZUSDT      | 0.0007292     | 0.001155    | 0.06551      | 52.4          | 0.01193      | 0.01704     | 0.01851        | 0.6949                 | 0.009938     | 1222.66 | -240179.250729 |
| ANKRUSDT     | 0.0007985     | 0.001146    | 0.07072      | 49.63         | 0.01718      | 0.01946     | 0.06806        | 0.799                  | 0.01331      | 866.71  | -240179.250799 |
| TRXUSDT      | 0.0005555     | 0.001127    | 0.07463      | 65.5          | 0.01262      | 0.01679     | 0.06197        | 0.7719                 | 0.01175      | 1243.66 | -240179.250555 |
| DASHUSDT     | 0.0007174     | 0.001119    | 0.07494      | 29.67         | 0.01544      | 0.01676     | 0.05431        | 0.7855                 | 0.01144      | 1223.66 | -240179.250717 |
| AXSUSDT      | 0.0005513     | 0.001067    | 0.06153      | 90.07         | 0.01905      | 0.01983     | 0.08875        | 0.8131                 | 0.01205      | 933.7   | -240179.250551 |
| SXPUSDT      | 0.0005815     | 0.001066    | 0.04203      | 39.63         | 0.01125      | 0.0148      | 0.04784        | 0.834                  | 0.008605     | 1056.62 | -240179.250582 |
| MAGICUSDT    | 0.0005335     | 0.001063    | 0.07962      | 57.32         | 0.02         | 0.0186      | 0.04075        | 0.9101                 | 0.01312      | 137.87  | -240179.204312 |
| COCOSUSDT    | 0.0002595     | 0.001058    | 0.06255      | 52.13         | 0.01626      | 0.01061     | 0.02576        | 0.9568                 | 0.004276     | 110.38  | -240179.250259 |
| IOSTUSDT     | 0.0006956     | 0.001052    | 0.07019      | 49.87         | 0.0165       | 0.01835     | 0.03207        | 0.7959                 | 0.01107      | 1206.66 | -240179.250696 |
| ATAUSDT      | 0.000619      | 0.001048    | 0.06348      | 52.77         | 0.01482      | 0.0143      | 0.04648        | 0.8634                 | 0.007559     | 649.85  | -240179.250619 |
| ALPHAUSDT    | 0.0006938     | 0.001044    | 0.06723      | 58.6          | 0.01859      | 0.0198      | 0.02189        | 0.81                   | 0.01209      | 930.71  | -240179.250694 |
| UNIUSDT      | 0.0006143     | 0.001043    | 0.07495      | 54.13         | 0.01837      | 0.01959     | 0.05015        | 0.8238                 | 0.01309      | 997.71  | -240179.250614 |
| LQTYUSDT     | 0.001215      | 0.001037    | 0.05148      | 41.18         | 0.01059      | 0.009883    | 0.004938       | 0.9642                 | 0.003402     | 94.5    | -240179.251215 |
| SSVUSDT      | 0.0009484     | 0.001029    | 0.07005      | 31.65         | 0.01811      | 0.01624     | 0.02991        | 0.9114                 | 0.01073      | 108.5   | -240179.250948 |
| CTSIUSDT     | 0.0009617     | 0.001028    | 0.0666       | 73.3          | 0.01474      | 0.01759     | 0.05552        | 0.8005                 | 0.01276      | 593.85  | -240179.250962 |
| HFTUSDT      | 0.001849      | 0.001025    | 0.07053      | 39.72         | 0.01156      | 0.009621    | 0.05706        | 0.9703                 | 0.003178     | 66.5    | -240179.251849 |
| LINKUSDT     | 0.000568      | 0.001014    | 0.05667      | 70.72         | 0.01546      | 0.01705     | 0.03092        | 0.7542                 | 0.009691     | 1242.66 | -240179.250568 |
| LDOUSDT      | 0.001028      | 0.001013    | 0.06849      | 71.4          | 0.01794      | 0.01862     | 0.02814        | 0.7967                 | 0.0109       | 263.5   | -240179.251028 |
| EOSUSDT      | 0.0007334     | 0.001011    | 0.07494      | 39.88         | 0.01241      | 0.01609     | 0.04539        | 0.8005                 | 0.01126      | 1250.66 | -240179.250733 |
| DEFIUSDT     | 0.0005956     | 0.001011    | 0.07396      | 62.9          | 0.0144       | 0.01939     | 0.04311        | 0.8148                 | 0.01307      | 1017.71 | -240179.250596 |
| ETHUSDT      | 0.0006928     | 0.001009    | 0.07271      | 48.22         | 0.01244      | 0.01771     | 0.0273         | 0.6546                 | 0.01029      | 1258.0  | -240179.250693 |
| QTUMUSDT     | 0.0007201     | 0.001006    | 0.07466      | 84.95         | 0.014        | 0.01816     | 0.07345        | 0.7941                 | 0.01217      | 1208.66 | -240179.25072  |
| APTUSDT      | 0.0007182     | 0.001003    | 0.06499      | 49.0          | 0.01169      | 0.01339     | 0.01672        | 0.888                  | 0.009361     | 235.92  | -240179.250718 |
| SFPUSDT      | 0.000572      | 0.001003    | 0.06422      | 47.98         | 0.01913      | 0.01959     | 0.06663        | 0.8222                 | 0.01153      | 837.71  | -240179.250572 |
| RSRUSDT      | 0.0006258     | 0.001001    | 0.06681      | 58.83         | 0.01851      | 0.01984     | 0.04401        | 0.8432                 | 0.0129       | 965.7   | -240179.250626 |
| TRUUSDT      | 0.001097      | 0.0009823   | 0.07186      | 37.48         | 0.0169       | 0.01434     | 0.03196        | 0.9462                 | 0.005867     | 97.5    | -240179.251097 |
| LTCUSDT      | 0.0006758     | 0.0009794   | 0.07492      | 53.58         | 0.01555      | 0.01848     | 0.05454        | 0.8157                 | 0.01138      | 1249.66 | -240179.250676 |
| SPELLUSDT    | 0.0008894     | 0.0009776   | 0.06486      | 25.02         | 0.008385     | 0.0076      | 0.02044        | 0.9645                 | 0.002856     | 279.5   | -240179.250889 |
| PHBUSDT      | 0.00117       | 0.0009653   | 0.06739      | 44.55         | 0.01834      | 0.01406     | 0.06123        | 0.9608                 | 0.005105     | 116.39  | -240179.25117  |
| QNTUSDT      | 0.000656      | 0.0009513   | 0.0645       | 41.32         | 0.008993     | 0.008656    | 0.02961        | 0.9311                 | 0.004395     | 234.89  | -240179.250656 |
| WOOUSDT      | 0.0007191     | 0.0009486   | 0.04596      | 54.63         | 0.01848      | 0.01765     | 0.06228        | 0.8136                 | 0.009213     | 429.85  | -240179.250719 |
| ZECUSDT      | 0.0005082     | 0.0009475   | 0.05161      | 77.63         | 0.01594      | 0.01628     | 0.07522        | 0.8411                 | 0.008567     | 1223.66 | -240179.250508 |
| STMXUSDT     | 0.0006946     | 0.0009443   | 0.07487      | 45.05         | 0.01535      | 0.01824     | 0.04169        | 0.8206                 | 0.0114       | 812.71  | -240179.250695 |
| SANDUSDT     | 0.0005913     | 0.0009432   | 0.07038      | 67.43         | 0.01834      | 0.01681     | 0.04358        | 0.8382                 | 0.009124     | 868.71  | -240179.250591 |
| AAVEUSDT     | 0.0005342     | 0.0009342   | 0.07212      | 78.13         | 0.01966      | 0.01875     | 0.06704        | 0.8677                 | 0.01014      | 968.71  | -240179.250534 |
| FXSUSDT      | 0.0003744     | 0.0009338   | 0.05368      | 44.63         | 0.01394      | 0.0108      | 0.03107        | 0.9572                 | 0.004225     | 142.87  | -240179.250374 |
| STGUSDT      | 0.0006612     | 0.0009338   | 0.06862      | 71.92         | 0.01448      | 0.01569     | 0.0478         | 0.8826                 | 0.0113       | 290.5   | -240179.250661 |
| REEFUSDT     | 0.0005946     | 0.000933    | 0.07476      | 46.62         | 0.01663      | 0.01677     | 0.04937        | 0.8866                 | 0.01052      | 839.7   | -240179.250595 |
| VETUSDT      | 0.0004572     | 0.0009288   | 0.06012      | 56.67         | 0.01587      | 0.01815     | 0.07376        | 0.7274                 | 0.01051      | 1214.66 | -240179.250457 |
| ALICEUSDT    | 0.0004909     | 0.0009221   | 0.06035      | 60.05         | 0.02         | 0.01844     | 0.04029        | 0.8624                 | 0.006956     | 817.87  | -240179.250491 |
| ONEUSDT      | 0.0005826     | 0.0009211   | 0.07469      | 62.23         | 0.01967      | 0.01829     | 0.08055        | 0.8502                 | 0.01053      | 815.71  | -240179.250583 |
| APEUSDT      | 0.0005153     | 0.0009162   | 0.05701      | 64.73         | 0.01048      | 0.0102      | 0.03425        | 0.9294                 | 0.005116     | 451.37  | -240179.250515 |
| ACHUSDT      | 0.001203      | 0.0008977   | 0.04431      | 37.63         | 0.01639      | 0.01316     | 0.01903        | 0.9456                 | 0.005149     | 109.39  | -240179.251203 |
| ONTUSDT      | 0.0005972     | 0.0008941   | 0.075        | 54.73         | 0.01817      | 0.01907     | 0.04999        | 0.8622                 | 0.01195      | 1216.66 | -240179.250597 |
| BNXUSDT      | 0.0005536     | 0.0008934   | 0.07401      | 32.78         | 0.0177       | 0.01618     | 0.02495        | 0.9128                 | 0.01016      | 109.38  | -240179.250554 |
| BLURUSDT     | 0.001931      | 0.0008864   | 0.05604      | 29.55         | 0.01442      | 0.01093     | 0.0269         | 0.9745                 | 0.00302      | 44.5    | -240179.251931 |
| OGNUSDT      | 0.000636      | 0.0008775   | 0.05381      | 52.47         | 0.01996      | 0.0198      | 0.05423        | 0.8065                 | 0.0105       | 802.71  | -240179.250636 |
| ICXUSDT      | 0.0006555     | 0.0008573   | 0.05471      | 56.77         | 0.01185      | 0.0167      | 0.06197        | 0.7807                 | 0.009844     | 999.71  | -240179.250656 |
| FOOTBALLUSDT | 0.0006019     | 0.0008566   | 0.03661      | 44.85         | 0.009286     | 0.007905    | 0.01733        | 0.9733                 | 0.001775     | 283.87  | -240179.250602 |
| CKBUSDT      | 0.0006119     | 0.0008535   | 0.06749      | 22.28         | 0.01575      | 0.01267     | 0.05743        | 0.9654                 | 0.003886     | 103.5   | -240179.250612 |
| KSMUSDT      | 0.0005388     | 0.0008508   | 0.05934      | 48.07         | 0.01718      | 0.01997     | 0.03835        | 0.7705                 | 0.01243      | 970.71  | -240179.250539 |
| BANDUSDT     | 0.0005547     | 0.0008486   | 0.06248      | 54.52         | 0.01967      | 0.01865     | 0.05737        | 0.8686                 | 0.01027      | 1047.71 | -240179.250555 |
| ICPUSDT      | 0.0006464     | 0.0008448   | 0.05654      | 17.57         | 0.008287     | 0.007324    | 0.09979        | 0.9527                 | 0.003045     | 257.89  | -240179.250646 |
| NEARUSDT     | 0.0005078     | 0.0008374   | 0.06185      | 76.67         | 0.01917      | 0.01995     | 0.04818        | 0.7774                 | 0.01109      | 970.66  | -240179.250508 |
| GALAUSDT     | 0.0005788     | 0.0008281   | 0.07211      | 53.08         | 0.01765      | 0.02267     | 0.05673        | 0.8059                 | 0.01594      | 631.85  | -240152.525637 |
| ENSUSDT      | 0.0003946     | 0.0008235   | 0.07309      | 47.72         | 0.01734      | 0.0184      | 0.03352        | 0.8274                 | 0.01094      | 558.85  | -240179.250395 |
| ASTRUSDT     | 0.0009652     | 0.0008181   | 0.07386      | 30.33         | 0.01627      | 0.0136      | 0.0409         | 0.9813                 | 0.003277     | 117.89  | -240179.250965 |
| CELOUSDT     | 0.0004377     | 0.000816    | 0.05861      | 51.23         | 0.01704      | 0.01462     | 0.08916        | 0.9168                 | 0.00519      | 622.85  | -240179.250438 |
| LITUSDT      | 0.0005425     | 0.0008121   | 0.05198      | 52.45         | 0.01796      | 0.01943     | 0.04595        | 0.8355                 | 0.01058      | 844.71  | -240179.250542 |
| ADAUSDT      | 0.0004858     | 0.0008061   | 0.07493      | 62.72         | 0.01707      | 0.01756     | 0.05721        | 0.7875                 | 0.01004      | 1227.66 | -240179.250486 |
| BLZUSDT      | 0.0006025     | 0.0008018   | 0.06395      | 53.13         | 0.01935      | 0.01955     | 0.04137        | 0.8354                 | 0.01084      | 997.7   | -240179.250602 |
| API3USDT     | 0.0005442     | 0.0007925   | 0.05566      | 37.0          | 0.01495      | 0.01273     | 0.02192        | 0.9414                 | 0.003893     | 474.85  | -240179.250544 |
| BNBUSDT      | 0.0004414     | 0.0007848   | 0.07498      | 67.0          | 0.01422      | 0.01529     | 0.04795        | 0.8556                 | 0.007346     | 1217.66 | -240179.250441 |
| AGIXUSDT     | 0.0007145     | 0.0007816   | 0.06245      | 41.8          | 0.01794      | 0.01423     | 0.04251        | 0.9667                 | 0.00401      | 115.4   | -240179.250714 |
| JASMYUSDT    | 0.000694      | 0.0007717   | 0.0652       | 58.78         | 0.01589      | 0.01399     | 0.02673        | 0.9018                 | 0.005715     | 417.85  | -240179.250694 |
| MASKUSDT     | 0.0004289     | 0.0007659   | 0.04424      | 55.2          | 0.02011      | 0.01977     | 0.05248        | 0.8043                 | 0.01038      | 654.85  | -240179.136004 |
| FLMUSDT      | 0.0003761     | 0.0007653   | 0.05991      | 43.07         | 0.01969      | 0.01999     | 0.07045        | 0.8362                 | 0.01164      | 985.71  | -240179.250376 |
| STORJUSDT    | 0.0002746     | 0.0007636   | 0.04423      | 50.88         | 0.01726      | 0.01776     | 0.1041         | 0.8392                 | 0.009805     | 999.7   | -239765.07047  |
| LPTUSDT      | 0.0004674     | 0.0007397   | 0.06492      | 42.17         | 0.01673      | 0.01791     | 0.03753        | 0.8227                 | 0.01119      | 578.85  | -240179.250467 |
| DYDXUSDT     | 0.0004917     | 0.0007374   | 0.07248      | 54.28         | 0.0241       | 0.02221     | 0.08214        | 0.8362                 | 0.01376      | 639.85  | -240153.034913 |
| PEOPLEUSDT   | 0.000315      | 0.0007366   | 0.04203      | 44.52         | 0.01494      | 0.0175      | 0.03426        | 0.8476                 | 0.01056      | 535.83  | -240179.250315 |
| AUDIOUSDT    | 0.000479      | 0.0007202   | 0.06351      | 69.43         | 0.01815      | 0.01934     | 0.04877        | 0.8264                 | 0.01106      | 661.85  | -240179.250479 |
| BCHUSDT      | 0.0004954     | 0.0007102   | 0.07155      | 40.37         | 0.01268      | 0.0139      | 0.03855        | 0.8105                 | 0.008039     | 1258.0  | -240179.250495 |
| CVXUSDT      | 0.0007109     | 0.0006919   | 0.07265      | 59.08         | 0.01006      | 0.01074     | 0.0195         | 0.9066                 | 0.007346     | 262.49  | -240179.250711 |
| GMXUSDT      | 0.0006572     | 0.0006726   | 0.07492      | 40.67         | 0.01529      | 0.01269     | 0.0478         | 0.9796                 | 0.003371     | 114.39  | -240179.250657 |
| NEOUSDT      | 0.0004668     | 0.000649    | 0.05332      | 59.65         | 0.0177       | 0.01691     | 0.04848        | 0.8793                 | 0.007472     | 1211.63 | -240179.250467 |
| FILUSDT      | 0.0005278     | 0.0006419   | 0.06657      | 63.68         | 0.01765      | 0.01999     | 0.07946        | 0.8236                 | 0.01209      | 968.75  | -240179.250528 |
| TLMUSDT      | 0.001443      | 0.0006365   | 0.07015      | 23.03         | 0.009694     | 0.009015    | 0.02608        | 0.9604                 | 0.00506      | 74.48   | -240179.251443 |
| CRVUSDT      | 0.000366      | 0.0006296   | 0.04112      | 51.03         | 0.01934      | 0.01999     | 0.03976        | 0.7658                 | 0.009838     | 1013.71 | -240179.250366 |
| LINAUSDT     | 0.0005884     | 0.0006251   | 0.04053      | 64.78         | 0.01994      | 0.01721     | 0.04735        | 0.9116                 | 0.005325     | 814.71  | -240179.250588 |
| C98USDT      | 0.0004522     | 0.0006147   | 0.0899       | 53.48         | 0.02676      | 0.03471     | 0.1432         | 0.7189                 | 0.02443      | 656.85  | -235709.369411 |
| ARUSDT       | 0.0003269     | 0.0006124   | 0.04909      | 52.43         | 0.01875      | 0.01606     | 0.07103        | 0.9365                 | 0.005243     | 621.85  | -240179.250327 |
| LEVERUSDT    | 0.0009971     | 0.0006121   | 0.07346      | 45.2          | 0.01813      | 0.01505     | 0.07419        | 0.9528                 | 0.006808     | 74.49   | -240179.250997 |
| DARUSDT      | 0.000412      | 0.0006035   | 0.04253      | 34.62         | 0.01329      | 0.0155      | 0.03747        | 0.8205                 | 0.008403     | 408.85  | -240179.250412 |
| IOTXUSDT     | 0.0003103     | 0.0005819   | 0.05622      | 49.32         | 0.021        | 0.01943     | 0.09285        | 0.8457                 | 0.009148     | 669.85  | -240178.247766 |
| GTCUSDT      | 0.0002811     | 0.0005617   | 0.0521       | 57.0          | 0.02092      | 0.01994     | 0.07956        | 0.8225                 | 0.01027      | 730.85  | -240178.333605 |
| 1000XECUSDT  | 0.0003153     | 0.0005531   | 0.07407      | 77.5          | 0.01691      | 0.01982     | 0.09085        | 0.7852                 | 0.01287      | 632.85  | -240179.250315 |
| BAKEUSDT     | 0.0004032     | 0.0005523   | 0.07572      | 55.92         | 0.02491      | 0.0368      | 0.126          | 0.7195                 | 0.02504      | 753.71  | -236976.369277 |
| TRBUSDT      | 0.0002116     | 0.0005489   | 0.02282      | 87.55         | 0.02349      | 0.021       | 0.0953         | 0.9                    | 0.00421      | 1012.71 | -240165.735878 |
| FLOWUSDT     | 0.0002737     | 0.0005404   | 0.04336      | 52.95         | 0.01337      | 0.01176     | 0.03628        | 0.9445                 | 0.003998     | 486.85  | -240179.250274 |
| BLUEBIRDUSDT | 0.0004807     | 0.0005256   | 0.0587       | 42.1          | 0.00885      | 0.00752     | 0.0263         | 0.9767                 | 0.002004     | 221.5   | -240179.250481 |
| XEMUSDT      | 0.000311      | 0.0005138   | 0.0452       | 51.22         | 0.01902      | 0.01995     | 0.08684        | 0.7897                 | 0.01167      | 830.71  | -240179.250311 |
| BALUSDT      | 0.0002646     | 0.0005056   | 0.04878      | 52.03         | 0.01964      | 0.01978     | 0.06863        | 0.7984                 | 0.01097      | 1013.71 | -240179.250265 |
| ROSEUSDT     | 0.0003048     | 0.0004816   | 0.04745      | 67.0          | 0.01793      | 0.01668     | 0.06624        | 0.8886                 | 0.007951     | 528.85  | -240179.250305 |
| KAVAUSDT     | 0.0002124     | 0.0004791   | 0.02406      | 72.98         | 0.01999      | 0.01877     | 0.07528        | 0.8832                 | 0.005418     | 1049.7  | -240179.250212 |
| XVSUSDT      | 0.0007824     | 0.000476    | 0.06804      | 31.42         | 0.01653      | 0.01499     | 0.08195        | 0.9224                 | 0.009989     | 60.89   | -240179.250782 |
| JOEUSDT      | 0.0005667     | 0.0004647   | 0.04608      | 32.23         | 0.02025      | 0.01735     | 0.07103        | 0.9633                 | 0.005275     | 74.49   | -240179.005392 |
| SUSHIUSDT    | 0.0001516     | 0.0004551   | 0.02476      | 54.1          | 0.02075      | 0.02833     | 0.08069        | 0.5573                 | 0.0108       | 1010.71 | -240095.218293 |
| DUSKUSDT     | 0.0002947     | 0.0004487   | 0.04088      | 48.23         | 0.01765      | 0.01551     | 0.04267        | 0.902                  | 0.005465     | 520.85  | -240179.250295 |
| ARPAUSDT     | 0.0003916     | 0.0004458   | 0.05846      | 74.85         | 0.01939      | 0.02157     | 0.09957        | 0.8218                 | 0.0135       | 600.85  | -240163.59779  |
| ANTUSDT      | 0.0002115     | 0.000409    | 0.03935      | 50.72         | 0.01817      | 0.01891     | 0.08198        | 0.8294                 | 0.01023      | 531.83  | -240179.250211 |
| WAVESUSDT    | 9.508e-05     | 0.0003988   | 0.02134      | 31.62         | 0.01879      | 0.01774     | 0.2683         | 0.9129                 | 0.004183     | 1034.71 | -223353.118172 |
| PERPUSDT     | 9.081e-05     | 0.0003896   | 0.06641      | 32.65         | 0.01524      | 0.01372     | 0.07808        | 0.9305                 | 0.008335     | 98.5    | -240179.250091 |
| GMTUSDT      | 0.0001801     | 0.0003809   | 0.06741      | 76.68         | 0.02451      | 0.03276     | 0.1761         | 0.7834                 | 0.02226      | 453.83  | -232433.034719 |
| TUSDT        | 0.0003437     | 0.0003804   | 0.03106      | 44.95         | 0.01229      | 0.01087     | 0.05783        | 0.9739                 | 0.002053     | 131.46  | -240179.250344 |
| BTCUSDT      | 0.0001547     | 0.0002406   | 0.02777      | 78.35         | 0.01014      | 0.01132     | 0.08433        | 0.8191                 | 0.004934     | 1258.0  | -240179.250155 |
| BTCDOMUSDT   | 0.0001458     | 0.0002104   | 0.07111      | 49.62         | 0.007976     | 0.007029    | 0.08914        | 0.955                  | 0.002894     | 720.85  | -240179.250146 |
| KLAYUSDT     | 7.725e-06     | 0.000107    | 0.02481      | 32.48         | 0.01675      | 0.01841     | 0.5695         | 0.8064                 | 0.009963     | 607.85  | -193227.635264 |
| USDCUSDT     | 2.623e-08     | 2.623e-07   | 0.0002203    | 48.77         | 0.002581     | 9.904e-05   | 0.0            | 1.0                    | 3.794e-06    | 92.29   | -240179.25     |
+--------------+---------------+-------------+--------------+---------------+--------------+-------------+----------------+------------------------+--------------+---------+----------------+

+--------------------------------------------------------------------------------------------------------------------------------------------------------------------------------------------+
|                                                                                           short                                                                                            |
+--------------+---------------+-------------+--------------+---------------+--------------+-------------+----------------+------------------------+--------------+---------+----------------+
| symbol       | adg_w_per_exp | adg_per_exp | exp_rts_mean | hrs_stuck_max | pa_dist_mean | pa_dist_std | loss_profit_rt | eqbal_rt_10_worst_mean | eqbal_rt_std | n_days  | score          |
+--------------+---------------+-------------+--------------+---------------+--------------+-------------+----------------+------------------------+--------------+---------+----------------+
| AGIXUSDT     | 0.002116      | 0.002925    | 0.05769      | 78.52         | 0.01401      | 0.01369     | 0.01191        | 0.8645                 | 0.009328     | 115.4   | -230179.252116 |
| LQTYUSDT     | 0.001236      | 0.002882    | 0.03283      | 58.1          | 0.006819     | 0.006889    | 0.002277       | 0.9671                 | 0.002428     | 94.5    | -230179.251236 |
| SSVUSDT      | 0.001787      | 0.002723    | 0.06096      | 80.92         | 0.007825     | 0.008772    | 0.005746       | 0.9259                 | 0.005677     | 108.5   | -230179.251787 |
| NKNUSDT      | 0.002127      | 0.002677    | 0.07484      | 66.45         | 0.01528      | 0.0199      | 0.06782        | 0.6858                 | 0.01822      | 794.71  | -230179.252127 |
| REEFUSDT     | 0.001656      | 0.002649    | 0.07499      | 85.95         | 0.008127     | 0.0107      | 0.01621        | 0.8668                 | 0.007901     | 839.7   | -230179.251656 |
| SKLUSDT      | 0.001389      | 0.002581    | 0.075        | 45.43         | 0.01398      | 0.0173      | 0.06559        | 0.6783                 | 0.01782      | 915.68  | -230179.251389 |
| CHZUSDT      | 0.001288      | 0.002564    | 0.07426      | 27.52         | 0.009791     | 0.0104      | 0.01177        | 0.6962                 | 0.009809     | 871.71  | -230179.251288 |
| HIGHUSDT     | 0.002055      | 0.002542    | 0.07275      | 54.92         | 0.01559      | 0.01438     | 0.01253        | 0.8622                 | 0.01084      | 124.89  | -230179.252055 |
| ANKRUSDT     | 0.001709      | 0.002363    | 0.075        | 92.33         | 0.01152      | 0.01427     | 0.00393        | 0.8221                 | 0.01077      | 866.71  | -230179.251709 |
| LITUSDT      | 0.001589      | 0.002267    | 0.07496      | 79.85         | 0.01388      | 0.01549     | 0.01637        | 0.8203                 | 0.01272      | 844.71  | -230179.251589 |
| ALGOUSDT     | 0.001212      | 0.002249    | 0.07468      | 68.88         | 0.01186      | 0.01983     | 0.03251        | 0.5026                 | 0.02052      | 1090.62 | -230179.251212 |
| APEUSDT      | 0.0007941     | 0.00211     | 0.06806      | 86.08         | 0.01002      | 0.01419     | 0.006264       | 0.809                  | 0.01155      | 451.37  | -230179.250794 |
| ZENUSDT      | 0.001064      | 0.002099    | 0.07475      | 86.23         | 0.01379      | 0.01617     | 0.0165         | 0.6739                 | 0.01454      | 929.71  | -230179.251064 |
| GALUSDT      | 0.001264      | 0.002067    | 0.05492      | 81.45         | 0.01122      | 0.01839     | 0.004194       | 0.6419                 | 0.01668      | 402.41  | -230179.251264 |
| STXUSDT      | 0.001508      | 0.002046    | 0.05697      | 53.88         | 0.01051      | 0.01002     | 0.001729       | 0.9628                 | 0.003689     | 111.39  | -230179.251508 |
| CHRUSDT      | 0.00133       | 0.002032    | 0.07492      | 86.1          | 0.01332      | 0.01642     | 0.01212        | 0.694                  | 0.01293      | 821.71  | -230179.25133  |
| ASTRUSDT     | 0.00103       | 0.002026    | 0.06812      | 52.5          | 0.00663      | 0.006537    | 0.01232        | 0.9622                 | 0.004        | 117.89  | -230179.25103  |
| TRUUSDT      | 0.003613      | 0.002024    | 0.02383      | 76.92         | 0.01217      | 0.01        | 0.008944       | 0.9787                 | 0.001711     | 97.5    | -230179.253613 |
| OCEANUSDT    | 0.001589      | 0.002006    | 0.07485      | 53.15         | 0.01466      | 0.01343     | 0.04418        | 0.8218                 | 0.01021      | 950.71  | -230179.251589 |
| PHBUSDT      | 0.001469      | 0.002003    | 0.06894      | 42.48         | 0.012        | 0.01457     | 0.03529        | 0.8715                 | 0.01311      | 116.39  | -230179.251469 |
| GRTUSDT      | 0.00145       | 0.002002    | 0.074        | 42.83         | 0.0134       | 0.01839     | 0.0451         | 0.6716                 | 0.0179       | 904.71  | -230179.25145  |
| FETUSDT      | 0.001458      | 0.001999    | 0.07296      | 53.37         | 0.01295      | 0.01375     | 0.01738        | 0.8966                 | 0.01095      | 145.89  | -230179.251458 |
| RDNTUSDT     | 0.00145       | 0.001986    | 0.05394      | 38.65         | 0.008955     | 0.007396    | 0.0007068      | 0.9729                 | 0.002926     | 68.5    | -230179.25145  |
| LUNA2USDT    | 0.001157      | 0.001966    | 0.04616      | 64.97         | 0.005678     | 0.008145    | 0.01041        | 0.9007                 | 0.004993     | 274.87  | -230179.251157 |
| JOEUSDT      | 0.002055      | 0.001931    | 0.05594      | 65.97         | 0.0139       | 0.01017     | 0.004915       | 0.9684                 | 0.003392     | 74.49   | -230179.252055 |
| EDUUSDT      | 0.001251      | 0.001925    | 0.05142      | 40.98         | 0.01099      | 0.0132      | 0.01644        | 0.9254                 | 0.008906     | 42.5    | -230179.251251 |
| KAVAUSDT     | 0.001274      | 0.001911    | 0.07498      | 48.18         | 0.01299      | 0.01785     | 0.02259        | 0.7081                 | 0.01738      | 1049.7  | -230179.251274 |
| ENJUSDT      | 0.001367      | 0.001907    | 0.07497      | 52.2          | 0.01286      | 0.01684     | 0.0508         | 0.808                  | 0.01415      | 985.71  | -230179.251367 |
| IDUSDT       | 0.0006746     | 0.001838    | 0.0221       | 54.35         | 0.006073     | 0.008133    | 0.0            | 0.9631                 | 0.002957     | 80.39   | -230179.250675 |
| SUSHIUSDT    | 0.001262      | 0.001826    | 0.07464      | 54.9          | 0.01133      | 0.01698     | 0.004696       | 0.6803                 | 0.01478      | 1010.71 | -230179.251262 |
| LEVERUSDT    | 0.001995      | 0.001804    | 0.04665      | 83.28         | 0.005913     | 0.005274    | 0.01027        | 0.9913                 | 0.001068     | 74.49   | -230179.251995 |
| XEMUSDT      | 0.001334      | 0.0018      | 0.07469      | 81.12         | 0.008319     | 0.0127      | 0.01902        | 0.801                  | 0.01061      | 830.71  | -230179.251334 |
| ACHUSDT      | 0.001228      | 0.001795    | 0.04791      | 42.37         | 0.01059      | 0.01022     | 0.01513        | 0.9704                 | 0.002782     | 109.39  | -230179.251228 |
| FLMUSDT      | 0.00126       | 0.001786    | 0.075        | 83.9          | 0.01385      | 0.01416     | 0.008667       | 0.7543                 | 0.01004      | 985.71  | -230179.25126  |
| CRVUSDT      | 0.001078      | 0.001773    | 0.07459      | 62.65         | 0.01297      | 0.01888     | 0.03502        | 0.6946                 | 0.01724      | 1013.71 | -230179.251078 |
| ONTUSDT      | 0.001258      | 0.001771    | 0.075        | 77.52         | 0.01451      | 0.014       | 0.04412        | 0.7579                 | 0.01151      | 1216.66 | -230179.251258 |
| RENUSDT      | 0.001491      | 0.001731    | 0.07493      | 63.0          | 0.01867      | 0.0182      | 0.03234        | 0.7294                 | 0.01497      | 971.71  | -230179.251491 |
| HFTUSDT      | 0.001507      | 0.001725    | 0.06441      | 48.05         | 0.006835     | 0.006785    | 0.01374        | 0.96                   | 0.004129     | 66.5    | -230179.251507 |
| HBARUSDT     | 0.0009305     | 0.001723    | 0.07397      | 47.77         | 0.01177      | 0.01451     | 0.08476        | 0.8195                 | 0.01364      | 816.71  | -230179.250931 |
| COCOSUSDT    | 0.0005955     | 0.0017      | 0.06315      | 45.35         | 0.01686      | 0.01362     | 0.0241         | 0.9389                 | 0.007651     | 110.38  | -230179.250595 |
| DGBUSDT      | 0.0009404     | 0.001695    | 0.07498      | 79.2          | 0.01125      | 0.0159      | 0.01166        | 0.79                   | 0.01376      | 781.85  | -230179.25094  |
| PERPUSDT     | 0.0009384     | 0.00167     | 0.06579      | 78.85         | 0.00651      | 0.00564     | 0.01384        | 0.9712                 | 0.002664     | 98.5    | -230179.250938 |
| CTKUSDT      | 0.001185      | 0.001667    | 0.07499      | 90.87         | 0.01027      | 0.01993     | 0.01986        | 0.7258                 | 0.01819      | 934.71  | -230179.251185 |
| BLURUSDT     | 0.001629      | 0.001666    | 0.06608      | 19.6          | 0.008064     | 0.006156    | 0.01456        | 0.9714                 | 0.003285     | 44.5    | -230179.251629 |
| ATAUSDT      | 0.001006      | 0.001665    | 0.07091      | 86.63         | 0.01328      | 0.01639     | 0.02614        | 0.8138                 | 0.01419      | 649.85  | -230179.251006 |
| WOOUSDT      | 0.001365      | 0.001627    | 0.05955      | 44.08         | 0.007632     | 0.008208    | 0.00639        | 0.9291                 | 0.005118     | 429.85  | -230179.251365 |
| ATOMUSDT     | 0.0009302     | 0.001627    | 0.07451      | 55.23         | 0.01051      | 0.01794     | 0.01104        | 0.7381                 | 0.01573      | 1220.49 | -230179.25093  |
| HOTUSDT      | 0.001041      | 0.001618    | 0.075        | 59.03         | 0.01259      | 0.01658     | 0.02           | 0.8126                 | 0.0143       | 803.71  | -230179.251041 |
| SPELLUSDT    | 0.0009756     | 0.001604    | 0.05443      | 52.35         | 0.005579     | 0.006532    | 0.01731        | 0.9253                 | 0.004076     | 279.5   | -230179.250976 |
| 1000LUNCUSDT | 0.001391      | 0.001604    | 0.06265      | 45.47         | 0.008202     | 0.0187      | 0.03095        | 0.7494                 | 0.01648      | 275.46  | -230179.251391 |
| 1000XECUSDT  | 0.0009599     | 0.001579    | 0.06191      | 72.17         | 0.006886     | 0.01067     | 0.02315        | 0.8632                 | 0.00856      | 632.85  | -230179.25096  |
| ZRXUSDT      | 0.001285      | 0.001575    | 0.075        | 71.0          | 0.01183      | 0.01748     | 0.006616       | 0.6673                 | 0.01506      | 1083.62 | -230179.251285 |
| JASMYUSDT    | 0.001384      | 0.001569    | 0.06237      | 52.75         | 0.007612     | 0.01014     | 0.008499       | 0.8827                 | 0.007588     | 417.85  | -230179.251384 |
| NEOUSDT      | 0.001277      | 0.001562    | 0.07382      | 80.07         | 0.01037      | 0.01357     | 0.05708        | 0.8316                 | 0.0114       | 1211.63 | -230179.251277 |
| STMXUSDT     | 0.001006      | 0.001542    | 0.07498      | 71.12         | 0.01209      | 0.01517     | 0.02091        | 0.795                  | 0.01254      | 812.71  | -230179.251006 |
| 1INCHUSDT    | 0.001027      | 0.001535    | 0.07489      | 71.5          | 0.01523      | 0.01466     | 0.02341        | 0.8263                 | 0.0104       | 898.58  | -230179.251027 |
| ONEUSDT      | 0.0008789     | 0.001513    | 0.07099      | 40.05         | 0.01432      | 0.01997     | 0.04222        | 0.7469                 | 0.02059      | 815.71  | -230179.250879 |
| ENSUSDT      | 0.001016      | 0.0015      | 0.06841      | 82.73         | 0.01058      | 0.01367     | 0.007486       | 0.861                  | 0.01041      | 558.85  | -230179.251016 |
| TRBUSDT      | 0.0009181     | 0.001498    | 0.07321      | 78.83         | 0.01999      | 0.01929     | 0.04929        | 0.7643                 | 0.01464      | 1012.71 | -230179.250918 |
| RLCUSDT      | 0.001282      | 0.001489    | 0.07495      | 46.6          | 0.01818      | 0.01704     | 0.03356        | 0.8244                 | 0.009272     | 1045.71 | -230179.251282 |
| ALPHAUSDT    | 0.001095      | 0.001484    | 0.06851      | 70.0          | 0.01784      | 0.01993     | 0.0316         | 0.7027                 | 0.01745      | 930.71  | -230179.251095 |
| CKBUSDT      | 0.001117      | 0.001478    | 0.05934      | 55.82         | 0.006882     | 0.006516    | 0.001219       | 0.9741                 | 0.002765     | 103.5   | -230179.251117 |
| GTCUSDT      | 0.0007698     | 0.001467    | 0.05169      | 95.13         | 0.01826      | 0.01814     | 0.03154        | 0.7136                 | 0.0149       | 730.85  | -230179.25077  |
| ICXUSDT      | 0.001269      | 0.001464    | 0.07493      | 64.32         | 0.01813      | 0.01798     | 0.07179        | 0.726                  | 0.01607      | 999.71  | -230179.251269 |
| XTZUSDT      | 0.0009081     | 0.001459    | 0.07459      | 55.83         | 0.01048      | 0.01895     | 0.04676        | 0.6447                 | 0.01924      | 1222.66 | -230179.250908 |
| BLZUSDT      | 0.00116       | 0.001441    | 0.07332      | 69.47         | 0.01558      | 0.01844     | 0.02061        | 0.506                  | 0.0162       | 997.7   | -230179.25116  |
| AVAXUSDT     | 0.0009417     | 0.001413    | 0.075        | 83.75         | 0.01289      | 0.01856     | 0.01949        | 0.7441                 | 0.01715      | 991.71  | -230179.250942 |
| GMXUSDT      | 0.0009576     | 0.001388    | 0.06741      | 61.93         | 0.008827     | 0.00736     | 0.001015       | 0.9708                 | 0.002636     | 114.39  | -230179.250958 |
| STORJUSDT    | 0.001206      | 0.001363    | 0.075        | 50.92         | 0.01317      | 0.01913     | 0.01194        | 0.6617                 | 0.01651      | 999.7   | -230179.251206 |
| MAGICUSDT    | 0.001065      | 0.001358    | 0.06778      | 49.95         | 0.01283      | 0.01602     | 0.009444       | 0.8557                 | 0.01255      | 137.87  | -230179.251065 |
| DOTUSDT      | 0.0007363     | 0.001351    | 0.07475      | 80.07         | 0.01221      | 0.01969     | 0.02516        | 0.8352                 | 0.01577      | 1023.71 | -230179.250736 |
| XVSUSDT      | 0.001112      | 0.001343    | 0.06145      | 13.08         | 0.008085     | 0.006477    | 0.01787        | 0.9714                 | 0.002846     | 60.89   | -230179.251112 |
| IMXUSDT      | 0.0009594     | 0.001337    | 0.04537      | 41.58         | 0.01103      | 0.01286     | 0.008084       | 0.8434                 | 0.009532     | 485.85  | -230179.250959 |
| COTIUSDT     | 0.001025      | 0.001321    | 0.07479      | 43.43         | 0.01315      | 0.01657     | 0.01528        | 0.7552                 | 0.01413      | 823.71  | -230179.251025 |
| CFXUSDT      | 0.0007635     | 0.001317    | 0.06014      | 39.23         | 0.01422      | 0.01568     | 0.008091       | 0.9184                 | 0.008813     | 111.39  | -230179.250763 |
| ALICEUSDT    | 0.001036      | 0.001304    | 0.07498      | 56.62         | 0.01747      | 0.01795     | 0.04044        | 0.8345                 | 0.009436     | 817.87  | -230179.251036 |
| NEARUSDT     | 0.0008135     | 0.001302    | 0.06969      | 75.95         | 0.01773      | 0.01635     | 0.03284        | 0.8318                 | 0.009061     | 970.66  | -230179.250813 |
| CELOUSDT     | 0.0009504     | 0.001288    | 0.06819      | 78.82         | 0.008233     | 0.01172     | 0.02818        | 0.8585                 | 0.008477     | 622.85  | -230179.25095  |
| INJUSDT      | 0.001036      | 0.001279    | 0.06546      | 39.28         | 0.01489      | 0.01469     | 0.02232        | 0.8776                 | 0.01011      | 298.88  | -230179.251036 |
| HOOKUSDT     | 0.0009135     | 0.00126     | 0.07192      | 47.75         | 0.01492      | 0.01625     | 0.01973        | 0.8901                 | 0.01121      | 139.87  | -230179.250914 |
| THETAUSDT    | 0.0009855     | 0.001237    | 0.07449      | 54.88         | 0.01132      | 0.01296     | 0.0286         | 0.8095                 | 0.009738     | 1110.66 | -230179.250985 |
| COMPUSDT     | 0.00103       | 0.001235    | 0.07499      | 55.02         | 0.01589      | 0.01841     | 0.0271         | 0.7161                 | 0.01462      | 1076.62 | -230179.25103  |
| KNCUSDT      | 0.000695      | 0.001231    | 0.06984      | 52.48         | 0.01972      | 0.01959     | 0.06082        | 0.7691                 | 0.01757      | 1084.63 | -230179.250695 |
| DOGEUSDT     | 0.0007018     | 0.001228    | 0.05277      | 32.98         | 0.009321     | 0.0187      | 0.0166         | 0.6086                 | 0.01769      | 1066.62 | -230179.250702 |
| ARUSDT       | 0.0009812     | 0.001214    | 0.05948      | 56.17         | 0.009993     | 0.01072     | 0.0147         | 0.8691                 | 0.005581     | 621.85  | -230179.250981 |
| IOSTUSDT     | 0.0009721     | 0.001206    | 0.07219      | 79.07         | 0.01085      | 0.01917     | 0.04516        | 0.6992                 | 0.01572      | 1206.66 | -230179.250972 |
| MATICUSDT    | 0.000774      | 0.001205    | 0.0748       | 41.52         | 0.01358      | 0.01579     | 0.02537        | 0.8518                 | 0.01071      | 962.71  | -230179.250774 |
| MTLUSDT      | 0.001119      | 0.001204    | 0.05446      | 54.9          | 0.01512      | 0.01992     | 0.03255        | 0.7687                 | 0.01754      | 802.71  | -230179.251119 |
| MINAUSDT     | 0.0009691     | 0.001179    | 0.06373      | 44.73         | 0.009294     | 0.01013     | 0.006412       | 0.9616                 | 0.003515     | 125.54  | -230179.250969 |
| KSMUSDT      | 0.0008406     | 0.001161    | 0.07494      | 50.7          | 0.01397      | 0.01434     | 0.01998        | 0.8532                 | 0.01087      | 970.71  | -230179.250841 |
| DEFIUSDT     | 0.0007919     | 0.001159    | 0.075        | 80.48         | 0.00907      | 0.01073     | 0.007585       | 0.8634                 | 0.008644     | 1017.71 | -230179.250792 |
| OMGUSDT      | 0.0008488     | 0.001158    | 0.07488      | 28.73         | 0.01584      | 0.01604     | 0.03693        | 0.758                  | 0.01467      | 1075.62 | -230179.250849 |
| CELRUSDT     | 0.0009805     | 0.001158    | 0.07468      | 57.3          | 0.01628      | 0.01699     | 0.04975        | 0.8175                 | 0.01034      | 804.71  | -230179.25098  |
| ZECUSDT      | 0.0008202     | 0.001157    | 0.07499      | 62.68         | 0.01111      | 0.01882     | 0.02233        | 0.7763                 | 0.01698      | 1223.66 | -230179.25082  |
| ICPUSDT      | 0.0006808     | 0.001155    | 0.05342      | 62.6          | 0.008325     | 0.008642    | 0.008983       | 0.9135                 | 0.005989     | 257.89  | -230179.250681 |
| BAKEUSDT     | 0.000994      | 0.001143    | 0.06787      | 56.43         | 0.01146      | 0.01855     | 0.03684        | 0.6054                 | 0.01791      | 753.71  | -230179.250994 |
| BNXUSDT      | 0.0009742     | 0.001136    | 0.07412      | 48.23         | 0.01055      | 0.01168     | 0.009195       | 0.9378                 | 0.005314     | 109.38  | -230179.250974 |
| EOSUSDT      | 0.0008369     | 0.001129    | 0.07352      | 80.67         | 0.009533     | 0.01862     | 0.06237        | 0.771                  | 0.01404      | 1250.66 | -230179.250837 |
| LINKUSDT     | 0.0007206     | 0.001127    | 0.07484      | 57.93         | 0.01578      | 0.01349     | 0.04612        | 0.8723                 | 0.007249     | 1242.66 | -230179.250721 |
| FLOWUSDT     | 0.0009022     | 0.001104    | 0.0692       | 47.88         | 0.01164      | 0.0118      | 0.01614        | 0.9085                 | 0.00545      | 486.85  | -230179.250902 |
| BATUSDT      | 0.0009644     | 0.001086    | 0.07499      | 76.78         | 0.01459      | 0.01684     | 0.04208        | 0.7551                 | 0.01005      | 1214.66 | -230179.250964 |
| XMRUSDT      | 0.00069       | 0.001082    | 0.07497      | 54.08         | 0.009032     | 0.01751     | 0.06412        | 0.7967                 | 0.01479      | 1225.66 | -230179.25069  |
| TUSDT        | 0.0009575     | 0.001071    | 0.07384      | 20.13         | 0.01124      | 0.01267     | 0.02654        | 0.8806                 | 0.008906     | 131.46  | -230179.250957 |
| LDOUSDT      | 0.000863      | 0.001056    | 0.06791      | 44.6          | 0.01117      | 0.01593     | 0.03813        | 0.8087                 | 0.01313      | 263.5   | -230179.250863 |
| 1000SHIBUSDT | 0.0007128     | 0.001055    | 0.04217      | 39.42         | 0.009173     | 0.01317     | 0.01306        | 0.8083                 | 0.008015     | 762.26  | -230179.250713 |
| UNIUSDT      | 0.0008006     | 0.001052    | 0.0748       | 62.38         | 0.01491      | 0.01657     | 0.02047        | 0.7934                 | 0.01219      | 997.71  | -230179.250801 |
| RSRUSDT      | 0.0006774     | 0.00105     | 0.05215      | 36.82         | 0.01827      | 0.01806     | 0.06174        | 0.7338                 | 0.01383      | 965.7   | -230179.250677 |
| RVNUSDT      | 0.0007686     | 0.00105     | 0.07494      | 46.4          | 0.0197       | 0.01919     | 0.07493        | 0.7562                 | 0.01468      | 838.71  | -230179.250769 |
| IOTXUSDT     | 0.0007439     | 0.001038    | 0.07002      | 59.82         | 0.01341      | 0.01877     | 0.0299         | 0.7138                 | 0.01712      | 669.85  | -230179.250744 |
| IOTAUSDT     | 0.0007235     | 0.001036    | 0.07238      | 46.53         | 0.01751      | 0.02        | 0.0712         | 0.5468                 | 0.02071      | 1215.66 | -230179.250723 |
| DASHUSDT     | 0.000805      | 0.001027    | 0.0701       | 53.83         | 0.01158      | 0.01577     | 0.01943        | 0.6509                 | 0.01462      | 1223.66 | -230179.250805 |
| DARUSDT      | 0.0008219     | 0.001025    | 0.07482      | 78.63         | 0.01273      | 0.01647     | 0.05051        | 0.8723                 | 0.009739     | 408.85  | -230179.250822 |
| CTSIUSDT     | 0.0009859     | 0.0009917   | 0.07083      | 81.93         | 0.01312      | 0.01834     | 0.02778        | 0.8217                 | 0.01463      | 593.85  | -230179.250986 |
| API3USDT     | 0.0007635     | 0.0009875   | 0.06283      | 49.17         | 0.01202      | 0.01325     | 0.01622        | 0.8685                 | 0.008337     | 474.85  | -230179.250764 |
| FXSUSDT      | 0.0007527     | 0.0009503   | 0.0644       | 52.08         | 0.01363      | 0.01455     | 0.04477        | 0.9481                 | 0.005937     | 142.87  | -230179.250753 |
| DENTUSDT     | 0.0007667     | 0.0009431   | 0.06762      | 48.47         | 0.01899      | 0.01994     | 0.05666        | 0.7113                 | 0.01287      | 809.83  | -230179.250767 |
| SANDUSDT     | 0.0005477     | 0.0009349   | 0.04551      | 64.67         | 0.01785      | 0.01763     | 0.01543        | 0.8443                 | 0.008991     | 868.71  | -230179.250548 |
| LPTUSDT      | 0.0006151     | 0.000931    | 0.0543       | 80.08         | 0.01453      | 0.016       | 0.04827        | 0.7613                 | 0.01262      | 578.85  | -230179.250615 |
| VETUSDT      | 0.0007356     | 0.0009307   | 0.06875      | 51.77         | 0.01325      | 0.01831     | 0.03127        | 0.7413                 | 0.01567      | 1214.66 | -230179.250736 |
| TRXUSDT      | 0.0005556     | 0.0008856   | 0.07491      | 53.88         | 0.01197      | 0.01309     | 0.02872        | 0.8163                 | 0.01081      | 1243.66 | -230179.250556 |
| TLMUSDT      | 0.0006842     | 0.0008853   | 0.06502      | 34.12         | 0.006842     | 0.006838    | 0.02205        | 0.9829                 | 0.001887     | 74.48   | -230179.250684 |
| ARBUSDT      | 0.0006597     | 0.0008762   | 0.07391      | 22.63         | 0.01764      | 0.01564     | 0.06826        | 0.9134                 | 0.009136     | 80.37   | -230179.25066  |
| SFPUSDT      | 0.0008749     | 0.0008658   | 0.05443      | 83.57         | 0.01263      | 0.0196      | 0.00772        | 0.5753                 | 0.01347      | 837.71  | -230179.250875 |
| LINAUSDT     | 0.0009462     | 0.000845    | 0.076        | 78.52         | 0.03345      | 0.03453     | 0.1066         | 0.5597                 | 0.02491      | 814.71  | -229364.623543 |
| RNDRUSDT     | 0.001028      | 0.0008332   | 0.0972       | 62.08         | 0.02602      | 0.02119     | 0.08249        | 0.9007                 | 0.01199      | 128.89  | -230161.07548  |
| LTCUSDT      | 0.0006312     | 0.0008289   | 0.07497      | 76.72         | 0.01512      | 0.01537     | 0.03636        | 0.7823                 | 0.01309      | 1249.66 | -230179.250631 |
| BALUSDT      | 0.0005049     | 0.0008226   | 0.07495      | 48.02         | 0.0192       | 0.01988     | 0.07726        | 0.807                  | 0.01654      | 1013.71 | -230179.250505 |
| ANTUSDT      | 0.0006069     | 0.0008187   | 0.04352      | 56.27         | 0.009766     | 0.01155     | 0.03767        | 0.8582                 | 0.008543     | 531.83  | -230179.250607 |
| DYDXUSDT     | 0.0005677     | 0.00081     | 0.04087      | 74.03         | 0.01887      | 0.01598     | 0.04553        | 0.9083                 | 0.006054     | 639.85  | -230179.250568 |
| BCHUSDT      | 0.0005098     | 0.0007874   | 0.07485      | 53.7          | 0.0143       | 0.0163      | 0.08299        | 0.7708                 | 0.01465      | 1258.0  | -230179.25051  |
| PEOPLEUSDT   | 0.0005979     | 0.0007827   | 0.03988      | 42.68         | 0.01623      | 0.01986     | 0.04628        | 0.7347                 | 0.01249      | 535.83  | -230179.250598 |
| FOOTBALLUSDT | 0.0005068     | 0.0007759   | 0.06354      | 49.52         | 0.006572     | 0.008999    | 0.01761        | 0.9048                 | 0.00719      | 283.87  | -230179.250507 |
| APTUSDT      | 0.000194      | 0.000757    | 0.03571      | 51.07         | 0.01735      | 0.01619     | 0.05455        | 0.9029                 | 0.008194     | 235.92  | -230179.250194 |
| OGNUSDT      | 0.0003979     | 0.0007413   | 0.03657      | 50.73         | 0.01994      | 0.01858     | 0.05335        | 0.7377                 | 0.01084      | 802.71  | -230179.250398 |
| QTUMUSDT     | 0.000608      | 0.0007392   | 0.07322      | 56.55         | 0.01901      | 0.02        | 0.04646        | 0.795                  | 0.01435      | 1208.66 | -230179.250608 |
| DUSKUSDT     | 0.0005667     | 0.0007192   | 0.06365      | 82.07         | 0.01889      | 0.01826     | 0.0407         | 0.8228                 | 0.01044      | 520.85  | -230179.250567 |
| MKRUSDT      | 0.0006506     | 0.0007108   | 0.07345      | 29.97         | 0.01821      | 0.01961     | 0.08997        | 0.8037                 | 0.01186      | 1032.71 | -230179.250651 |
| AUDIOUSDT    | 0.0005012     | 0.0006927   | 0.03181      | 51.55         | 0.01996      | 0.01722     | 0.05725        | 0.853                  | 0.00538      | 661.85  | -230179.250501 |
| TOMOUSDT     | 0.0008801     | 0.0006863   | 0.0364       | 62.0          | 0.02         | 0.01734     | 0.09205        | 0.8021                 | 0.007991     | 973.71  | -230179.25088  |
| QNTUSDT      | 0.0005948     | 0.0006532   | 0.06688      | 41.08         | 0.01146      | 0.009683    | 0.02528        | 0.9451                 | 0.005913     | 234.89  | -230179.250595 |
| SOLUSDT      | 0.0004409     | 0.0006515   | 0.05705      | 34.25         | 0.01923      | 0.01969     | 0.09575        | 0.736                  | 0.01548      | 1000.71 | -230179.250441 |
| XLMUSDT      | 0.0004156     | 0.0006253   | 0.06532      | 51.98         | 0.0175       | 0.01937     | 0.0716         | 0.5961                 | 0.01533      | 1239.66 | -230179.250416 |
| AMBUSDT      | 0.001729      | 0.0006221   | 0.01195      | 65.05         | 0.01582      | 0.01313     | 0.03672        | 0.9695                 | 0.003007     | 73.5    | -230179.251729 |
| MASKUSDT     | 0.0004718     | 0.0006201   | 0.03541      | 50.85         | 0.01651      | 0.01643     | 0.05372        | 0.8048                 | 0.01042      | 654.85  | -230179.250472 |
| ROSEUSDT     | 0.0005112     | 0.0006171   | 0.04999      | 57.25         | 0.0202       | 0.01829     | 0.07071        | 0.8429                 | 0.0102       | 528.85  | -230179.049064 |
| RUNEUSDT     | 0.0003299     | 0.000615    | 0.05046      | 44.02         | 0.01858      | 0.01871     | 0.06759        | 0.7182                 | 0.01364      | 1011.7  | -230179.25033  |
| C98USDT      | 0.0004469     | 0.0006095   | 0.0359       | 89.13         | 0.01809      | 0.01789     | 0.0644         | 0.6975                 | 0.0114       | 656.85  | -230179.250447 |
| FILUSDT      | 0.000543      | 0.0005877   | 0.03794      | 86.6          | 0.01645      | 0.01935     | 0.0643         | 0.6555                 | 0.01619      | 968.75  | -230179.250543 |
| FTMUSDT      | 0.0003052     | 0.0005876   | 0.03902      | 70.98         | 0.03414      | 0.03249     | 0.1693         | 0.6911                 | 0.01559      | 990.71  | -223113.95805  |
| EGLDUSDT     | 0.0001348     | 0.0005652   | 0.02362      | 83.78         | 0.01551      | 0.0138      | 0.142          | 0.8477                 | 0.006467     | 1000.71 | -225975.611856 |
| XRPUSDT      | 0.0003662     | 0.0005618   | 0.04325      | 76.55         | 0.01638      | 0.01756     | 0.08298        | 0.7975                 | 0.01147      | 1253.65 | -230179.250366 |
| ADAUSDT      | 0.0003192     | 0.0005309   | 0.04621      | 53.95         | 0.01423      | 0.01619     | 0.06548        | 0.8205                 | 0.013        | 1227.66 | -230179.250319 |
| ETHUSDT      | 0.0002985     | 0.0005139   | 0.05239      | 57.27         | 0.00931      | 0.01108     | 0.07704        | 0.8286                 | 0.009358     | 1258.0  | -230179.250298 |
| AAVEUSDT     | 0.0003423     | 0.0005054   | 0.04193      | 53.47         | 0.0198       | 0.01991     | 0.06062        | 0.7768                 | 0.01205      | 968.71  | -230179.250342 |
| SNXUSDT      | 0.0003341     | 0.0004963   | 0.02156      | 59.65         | 0.02047      | 0.01825     | 0.0751         | 0.8053                 | 0.006756     | 1031.7  | -230178.782504 |
| AXSUSDT      | 0.0001484     | 0.0004942   | 0.02144      | 27.98         | 0.01743      | 0.01677     | 0.4098         | 0.7849                 | 0.007266     | 933.7   | -199200.473306 |
| YFIUSDT      | 0.0002389     | 0.000477    | 0.03036      | 56.75         | 0.02093      | 0.01987     | 0.09901        | 0.7603                 | 0.01015      | 1015.71 | -230178.320203 |
| LRCUSDT      | 0.0003058     | 0.0004397   | 0.0223       | 64.2          | 0.01886      | 0.01941     | 0.0726         | 0.7306                 | 0.008919     | 966.7   | -230179.250306 |
| UNFIUSDT     | 0.0003559     | 0.0004132   | 0.02411      | 51.0          | 0.01527      | 0.02007     | 0.0231         | 0.7525                 | 0.009626     | 843.71  | -230178.527182 |
| STGUSDT      | 0.000219      | 0.0004098   | 0.02838      | 93.83         | 0.02048      | 0.01894     | 0.09948        | 0.902                  | 0.005766     | 290.5   | -230178.769155 |
| CVXUSDT      | 0.0001991     | 0.000405    | 0.04855      | 39.95         | 0.01225      | 0.01115     | 0.07364        | 0.936                  | 0.004496     | 262.49  | -230179.250199 |
| BLUEBIRDUSDT | 0.0001633     | 0.0003685   | 0.06047      | 66.57         | 0.01214      | 0.01166     | 0.07796        | 0.9187                 | 0.008239     | 221.5   | -230179.250163 |
| BTCUSDT      | 0.0002128     | 0.0003215   | 0.04487      | 95.82         | 0.008463     | 0.009815    | 0.08168        | 0.8877                 | 0.006149     | 1258.0  | -230179.250213 |
| OPUSDT       | 0.0002135     | 0.0003155   | 0.04605      | 78.0          | 0.03234      | 0.03606     | 0.1936         | 0.726                  | 0.02174      | 376.41  | -220649.969364 |
| BELUSDT      | 0.0002442     | 0.0003096   | 0.02836      | 65.1          | 0.02382      | 0.0262      | 0.09703        | 0.5801                 | 0.0148       | 935.71  | -230113.426563 |
| ZILUSDT      | 0.0002141     | 0.0003075   | 0.02546      | 97.02         | 0.02281      | 0.02472     | 0.1268         | 0.841                  | 0.006879     | 1089.62 | -227350.477697 |
| MANAUSDT     | 0.0001796     | 0.0002958   | 0.02626      | 25.83         | 0.02022      | 0.02467     | 0.226          | 0.5023                 | 0.02103      | 818.71  | -217532.198035 |
| KLAYUSDT     | 0.0002433     | 0.0002746   | 0.04257      | 74.07         | 0.01177      | 0.01723     | 0.07371        | 0.8686                 | 0.007088     | 607.85  | -230179.250243 |
| WAVESUSDT    | 0.0001979     | 0.000268    | 0.02076      | 68.58         | 0.01993      | 0.02071     | 0.08755        | 0.8045                 | 0.006184     | 1034.71 | -230172.188373 |
| SXPUSDT      | 0.0002722     | 0.0002654   | 0.01315      | 78.98         | 0.02109      | 0.02088     | 0.1797         | 0.8956                 | 0.003143     | 1056.62 | -222200.862416 |
| ETCUSDT      | 0.0001288     | 0.0002031   | 0.01906      | 81.33         | 0.01921      | 0.01997     | 0.09748        | 0.8113                 | 0.008553     | 1242.66 | -230179.250129 |
| BANDUSDT     | 0.0001484     | 0.0001995   | 0.02019      | 87.28         | 0.01881      | 0.02528     | 0.05216        | 0.6605                 | 0.01393      | 1047.71 | -230126.462709 |
| ARPAUSDT     | 0.0001291     | 0.000173    | 0.01836      | 86.55         | 0.01486      | 0.02128     | 0.02343        | 0.8965                 | 0.004392     | 600.85  | -230166.472154 |
| GALAUSDT     | -9.516e-05    | 0.0001545   | 0.0931       | 72.92         | 0.03931      | 0.06296     | 0.6666         | 0.4505                 | 0.07394      | 631.85  | 365859.685158  |
| BNBUSDT      | 1.961e-05     | 0.0001084   | 0.01469      | 65.88         | 0.01849      | 0.01985     | 0.4694         | 0.752                  | 0.007725     | 1217.66 | -193238.402236 |
| BTCDOMUSDT   | 3.639e-05     | 5.775e-05   | 0.02394      | 127.3         | 0.007071     | 0.008618    | 0.04796        | 0.9778                 | 0.001692     | 720.85  | -227049.250036 |
| USDCUSDT     | -1.046e-07    | -1.046e-06  | 0.0001155    | 19.93         | 0.01566      | 0.01439     | 1.0            | 0.9999                 | 7.891e-06    | 92.29   | -140179.25     |
| GMTUSDT      | -1.181e-05    | -0.0001181  | 0.9619       | 45.55         | 2.372        | 1.708       | 3.096          | -0.3618                | 0.4319       | 453.83  | 5019003.89212  |
+--------------+---------------+-------------+--------------+---------------+--------------+-------------+----------------+------------------------+--------------+---------+----------------+

