# note: symbols with little price history are not optimized on their own; instead the best config from among the symbols with more price history is chosen.

+---------------------------------------------------------------------------------------------------------------------------------------------------------------------------------------------+
|                                                                                             long                                                                                            |
+---------------+---------------+-------------+--------------+---------------+--------------+-------------+----------------+------------------------+--------------+---------+----------------+
| symbol        | adg_w_per_exp | adg_per_exp | exp_rts_mean | hrs_stuck_max | pa_dist_mean | pa_dist_std | loss_profit_rt | eqbal_rt_10_worst_mean | eqbal_rt_std | n_days  | score          |
+---------------+---------------+-------------+--------------+---------------+--------------+-------------+----------------+------------------------+--------------+---------+----------------+
| AMBUSDT       | 0.002388      | 0.001423    | 0.06478      | 41.33         | 0.01668      | 0.01449     | 0.07242        | 0.9309                 | 0.005218     | 122.5   | -480179.302388 |
| IDEXUSDT      | 0.00197       | 0.001572    | 0.06414      | 34.35         | 0.01277      | 0.01061     | 0.001623       | 0.9814                 | 0.002047     | 88.5    | -480179.30197  |
| 1000PEPEUSDT  | 0.001879      | 0.003623    | 0.05772      | 53.1          | 0.01215      | 0.01105     | 0.01959        | 0.9372                 | 0.006252     | 86.31   | -480179.301879 |
| COMBOUSDT     | 0.001823      | 0.001208    | 0.06483      | 20.3          | 0.01631      | 0.01387     | 0.05793        | 0.992                  | 0.001468     | 58.5    | -480179.301823 |
| RENUSDT       | 0.00175       | 0.001522    | 0.06994      | 55.27         | 0.01836      | 0.01948     | 0.03181        | 0.8062                 | 0.01179      | 1019.71 | -480179.30175  |
| GRTUSDT       | 0.001705      | 0.003142    | 0.0687       | 59.93         | 0.01304      | 0.01898     | 0.03677        | 0.7579                 | 0.01226      | 953.71  | -480179.301705 |
| TOMOUSDT      | 0.001657      | 0.001805    | 0.06878      | 35.48         | 0.01523      | 0.01757     | 0.0451         | 0.8368                 | 0.01292      | 1020.71 | -480179.301657 |
| SOLUSDT       | 0.001654      | 0.002374    | 0.06895      | 53.4          | 0.0106       | 0.01519     | 0.02668        | 0.7688                 | 0.01049      | 1048.71 | -480179.301654 |
| NKNUSDT       | 0.001623      | 0.002268    | 0.06997      | 58.13         | 0.01354      | 0.01575     | 0.01382        | 0.8306                 | 0.01034      | 842.71  | -480179.301623 |
| DOGEUSDT      | 0.001608      | 0.003481    | 0.06857      | 66.03         | 0.008603     | 0.01337     | 0.04799        | 0.8375                 | 0.00874      | 1114.62 | -480179.301608 |
| DENTUSDT      | 0.001605      | 0.002274    | 0.06905      | 59.33         | 0.01234      | 0.01622     | 0.01049        | 0.8255                 | 0.01003      | 858.83  | -480179.301605 |
| HOTUSDT       | 0.001582      | 0.002226    | 0.0697       | 43.22         | 0.009972     | 0.01276     | 0.01441        | 0.8195                 | 0.006809     | 852.71  | -480179.301582 |
| MTLUSDT       | 0.001569      | 0.001637    | 0.06828      | 40.97         | 0.0167       | 0.01935     | 0.06903        | 0.8069                 | 0.01293      | 851.71  | -480179.301569 |
| ATOMUSDT      | 0.001565      | 0.001313    | 0.06956      | 66.75         | 0.01426      | 0.0151      | 0.02166        | 0.8902                 | 0.005807     | 1268.49 | -480179.301565 |
| RNDRUSDT      | 0.001563      | 0.002036    | 0.03751      | 55.38         | 0.01103      | 0.009809    | 0.002709       | 0.966                  | 0.002343     | 177.89  | -480179.301563 |
| BANDUSDT      | 0.00156       | 0.002009    | 0.07         | 78.38         | 0.01546      | 0.01798     | 0.01241        | 0.7942                 | 0.01124      | 1095.71 | -480179.30156  |
| LRCUSDT       | 0.001559      | 0.002018    | 0.06837      | 84.28         | 0.01136      | 0.01478     | 0.006485       | 0.8329                 | 0.009345     | 1013.7  | -480179.301559 |
| ALICEUSDT     | 0.001545      | 0.002221    | 0.06884      | 33.0          | 0.01112      | 0.01165     | 0.003195       | 0.816                  | 0.007123     | 866.87  | -480179.301545 |
| RUNEUSDT      | 0.001524      | 0.001735    | 0.06635      | 55.63         | 0.01143      | 0.01479     | 0.01541        | 0.8414                 | 0.008427     | 1058.7  | -480179.301524 |
| OMGUSDT       | 0.001512      | 0.002078    | 0.06884      | 62.08         | 0.01201      | 0.01461     | 0.0136         | 0.8899                 | 0.01016      | 1122.62 | -480179.301512 |
| WAVESUSDT     | 0.001495      | 0.00198     | 0.06907      | 29.98         | 0.0126       | 0.01711     | 0.02723        | 0.7999                 | 0.01201      | 1081.71 | -480179.301495 |
| CELRUSDT      | 0.001492      | 0.002449    | 0.06532      | 63.75         | 0.01608      | 0.01534     | 0.05869        | 0.8571                 | 0.008738     | 853.71  | -480179.301492 |
| INJUSDT       | 0.001486      | 0.001648    | 0.05416      | 23.07         | 0.01108      | 0.009323    | 0.002597       | 0.9277                 | 0.004776     | 347.88  | -480179.301486 |
| SUIUSDT       | 0.001484      | 0.0009525   | 0.05023      | 20.32         | 0.01472      | 0.01304     | 0.05161        | 0.9864                 | 0.001616     | 88.33   | -480179.301484 |
| COTIUSDT      | 0.001471      | 0.002273    | 0.06916      | 45.32         | 0.0104       | 0.01282     | 0.04397        | 0.8001                 | 0.008291     | 872.71  | -480179.301471 |
| RLCUSDT       | 0.001469      | 0.00256     | 0.06371      | 49.62         | 0.0109       | 0.01699     | 0.01005        | 0.8261                 | 0.01198      | 1093.71 | -480179.301469 |
| DGBUSDT       | 0.001461      | 0.001901    | 0.06983      | 47.05         | 0.01306      | 0.01917     | 0.04788        | 0.7685                 | 0.01233      | 830.85  | -480179.301461 |
| ALGOUSDT      | 0.001442      | 0.001653    | 0.06879      | 27.3          | 0.01158      | 0.0135      | 0.03618        | 0.8441                 | 0.007893     | 1138.62 | -480179.301442 |
| ARBUSDT       | 0.001441      | 0.001336    | 0.06089      | 49.08         | 0.007511     | 0.008419    | 0.002259       | 0.9707                 | 0.0024       | 129.37  | -480179.301441 |
| ZRXUSDT       | 0.001435      | 0.001402    | 0.06852      | 49.92         | 0.01769      | 0.0173      | 0.06236        | 0.8039                 | 0.01042      | 1130.62 | -480179.301435 |
| LINKUSDT      | 0.001435      | 0.001826    | 0.06769      | 75.82         | 0.01257      | 0.01845     | 0.01569        | 0.7719                 | 0.01135      | 1289.66 | -480179.301435 |
| CRVUSDT       | 0.001433      | 0.001505    | 0.06908      | 79.62         | 0.01373      | 0.01944     | 0.01479        | 0.7983                 | 0.01193      | 1061.71 | -480179.301433 |
| LINAUSDT      | 0.001432      | 0.001475    | 0.06976      | 59.37         | 0.01628      | 0.01998     | 0.02842        | 0.7687                 | 0.01286      | 863.71  | -480179.301432 |
| IOSTUSDT      | 0.001429      | 0.001241    | 0.06914      | 48.63         | 0.01666      | 0.01618     | 0.05753        | 0.8216                 | 0.008371     | 1254.66 | -480179.301429 |
| BELUSDT       | 0.001413      | 0.001649    | 0.0605       | 53.75         | 0.014        | 0.01602     | 0.02311        | 0.8637                 | 0.007909     | 984.71  | -480179.301413 |
| MATICUSDT     | 0.001381      | 0.002424    | 0.0668       | 48.35         | 0.01033      | 0.01546     | 0.02574        | 0.8536                 | 0.01075      | 1010.71 | -480179.301381 |
| MANAUSDT      | 0.001373      | 0.002216    | 0.05961      | 76.92         | 0.009869     | 0.01577     | 0.03393        | 0.7694                 | 0.01062      | 867.71  | -480179.301373 |
| EDUUSDT       | 0.001369      | 0.001106    | 0.05345      | 38.42         | 0.01417      | 0.01421     | 0.01915        | 0.9764                 | 0.002597     | 91.5    | -480179.301369 |
| DOTUSDT       | 0.001368      | 0.002207    | 0.06013      | 57.52         | 0.00923      | 0.01301     | 0.00589        | 0.8147                 | 0.008816     | 1071.71 | -480179.301368 |
| CHZUSDT       | 0.001367      | 0.002156    | 0.05875      | 59.3          | 0.01041      | 0.01719     | 0.009842       | 0.7639                 | 0.00932      | 920.71  | -480179.301367 |
| HOOKUSDT      | 0.001357      | 0.001895    | 0.06279      | 43.2          | 0.01079      | 0.009652    | 0.004187       | 0.9593                 | 0.003296     | 188.87  | -480179.301357 |
| RVNUSDT       | 0.001351      | 0.002231    | 0.06938      | 37.55         | 0.01066      | 0.01365     | 0.01603        | 0.8084                 | 0.008751     | 887.71  | -480179.301351 |
| UNFIUSDT      | 0.001344      | 0.001595    | 0.06364      | 56.62         | 0.0182       | 0.01853     | 0.01225        | 0.8256                 | 0.009542     | 891.71  | -480179.301344 |
| FTMUSDT       | 0.001332      | 0.002237    | 0.06756      | 59.73         | 0.01816      | 0.01959     | 0.0473         | 0.8078                 | 0.01274      | 1038.71 | -480179.301332 |
| OCEANUSDT     | 0.001323      | 0.001936    | 0.06975      | 39.53         | 0.01534      | 0.01608     | 0.01111        | 0.8392                 | 0.009904     | 998.71  | -480179.301323 |
| TRBUSDT       | 0.001312      | 0.001622    | 0.06865      | 86.23         | 0.01959      | 0.01864     | 0.07187        | 0.8386                 | 0.008276     | 1059.71 | -480179.301312 |
| AAVEUSDT      | 0.001295      | 0.001819    | 0.06677      | 79.85         | 0.01417      | 0.01993     | 0.04562        | 0.8149                 | 0.01247      | 1016.71 | -480179.301295 |
| ICXUSDT       | 0.001295      | 0.001881    | 0.06562      | 23.42         | 0.01084      | 0.01142     | 0.05458        | 0.8312                 | 0.007841     | 1047.71 | -480179.301295 |
| SKLUSDT       | 0.001293      | 0.002174    | 0.06007      | 47.58         | 0.0134       | 0.01873     | 0.03208        | 0.801                  | 0.01232      | 964.68  | -480179.301293 |
| REEFUSDT      | 0.001292      | 0.001537    | 0.06738      | 46.68         | 0.01244      | 0.01917     | 0.05293        | 0.8212                 | 0.01313      | 888.7   | -480179.301292 |
| UNIUSDT       | 0.001289      | 0.00186     | 0.06364      | 56.15         | 0.01021      | 0.01549     | 0.02474        | 0.7819                 | 0.009651     | 1044.71 | -480179.301289 |
| ANKRUSDT      | 0.00127       | 0.001799    | 0.05777      | 65.98         | 0.01015      | 0.01269     | 0.05175        | 0.809                  | 0.00821      | 915.71  | -480179.30127  |
| NEARUSDT      | 0.001268      | 0.002095    | 0.06998      | 78.73         | 0.01291      | 0.01699     | 0.0461         | 0.843                  | 0.01155      | 1017.66 | -480179.301268 |
| IDUSDT        | 0.001266      | 0.001661    | 0.0432       | 64.92         | 0.01211      | 0.01037     | 0.003677       | 0.9838                 | 0.00158      | 129.39  | -480179.301266 |
| OPUSDT        | 0.001264      | 0.001863    | 0.04745      | 59.45         | 0.013        | 0.01692     | 0.005668       | 0.8235                 | 0.0106       | 424.41  | -480179.301264 |
| SPELLUSDT     | 0.001256      | 0.001245    | 0.0647       | 48.0          | 0.008982     | 0.01033     | 0.01308        | 0.9265                 | 0.006585     | 327.5   | -480179.301256 |
| ENJUSDT       | 0.001253      | 0.001224    | 0.06282      | 52.28         | 0.01592      | 0.01552     | 0.02111        | 0.8465                 | 0.007346     | 1033.71 | -480179.301253 |
| CTKUSDT       | 0.001244      | 0.002121    | 0.06484      | 60.73         | 0.01229      | 0.01402     | 0.03406        | 0.8239                 | 0.008624     | 983.71  | -480179.301244 |
| HBARUSDT      | 0.001241      | 0.001681    | 0.06254      | 50.85         | 0.01094      | 0.01253     | 0.02272        | 0.8309                 | 0.007951     | 865.71  | -480179.301241 |
| DASHUSDT      | 0.001237      | 0.001265    | 0.06954      | 46.98         | 0.01521      | 0.0182      | 0.05717        | 0.7753                 | 0.01288      | 1270.66 | -480179.301237 |
| ZENUSDT       | 0.001223      | 0.001834    | 0.06833      | 44.22         | 0.01425      | 0.01782     | 0.06182        | 0.7752                 | 0.01143      | 978.71  | -480179.301223 |
| SNXUSDT       | 0.001209      | 0.001749    | 0.0638       | 63.23         | 0.01493      | 0.01857     | 0.01967        | 0.7997                 | 0.01243      | 1079.7  | -480179.301209 |
| LQTYUSDT      | 0.001205      | 0.001707    | 0.06511      | 21.0          | 0.01165      | 0.009053    | 0.0493         | 0.9619                 | 0.003411     | 142.5   | -480179.301205 |
| EGLDUSDT      | 0.001196      | 0.001657    | 0.06965      | 58.22         | 0.01074      | 0.01704     | 0.01826        | 0.8148                 | 0.01186      | 1048.71 | -480179.301196 |
| MINAUSDT      | 0.001186      | 0.001347    | 0.05596      | 40.37         | 0.008633     | 0.008448    | 0.04221        | 0.9634                 | 0.002816     | 173.54  | -480179.301186 |
| 1000FLOKIUSDT | 0.001185      | 0.001557    | 0.04906      | 39.45         | 0.01103      | 0.009819    | 0.01374        | 0.9901                 | 0.001303     | 85.31   | -480179.301185 |
| THETAUSDT     | 0.001184      | 0.001892    | 0.06851      | 53.38         | 0.01135      | 0.01572     | 0.02167        | 0.7879                 | 0.01026      | 1158.66 | -480179.301184 |
| ASTRUSDT      | 0.001178      | 0.001498    | 0.06295      | 32.42         | 0.008126     | 0.007343    | 0.001383       | 0.9685                 | 0.002791     | 166.89  | -480179.301178 |
| BLZUSDT       | 0.001177      | 0.001177    | 0.05956      | 67.1          | 0.01408      | 0.01774     | 0.01069        | 0.7884                 | 0.009574     | 1045.7  | -480179.301177 |
| SANDUSDT      | 0.001176      | 0.002091    | 0.06832      | 58.97         | 0.01111      | 0.01688     | 0.04369        | 0.7831                 | 0.01137      | 916.71  | -480179.301176 |
| XRPUSDT       | 0.001176      | 0.001427    | 0.06999      | 53.67         | 0.01055      | 0.01025     | 0.01094        | 0.8934                 | 0.005178     | 1300.65 | -480179.301176 |
| CFXUSDT       | 0.001168      | 0.001243    | 0.05644      | 45.17         | 0.01608      | 0.01416     | 0.01721        | 0.9549                 | 0.003896     | 160.39  | -480179.301168 |
| MKRUSDT       | 0.001167      | 0.001821    | 0.06925      | 50.27         | 0.01088      | 0.01899     | 0.06386        | 0.7932                 | 0.01244      | 1080.71 | -480179.301167 |
| SUSHIUSDT     | 0.001166      | 0.002206    | 0.05662      | 48.63         | 0.01023      | 0.01281     | 0.03508        | 0.8598                 | 0.008699     | 1058.71 | -480179.301166 |
| HFTUSDT       | 0.001166      | 0.0009001   | 0.0404       | 41.4          | 0.01162      | 0.01016     | 0.005462       | 0.9831                 | 0.001465     | 115.5   | -480179.301166 |
| AVAXUSDT      | 0.001155      | 0.001674    | 0.05473      | 58.7          | 0.01206      | 0.01883     | 0.03082        | 0.7656                 | 0.0125       | 1039.71 | -480179.301155 |
| SFPUSDT       | 0.001154      | 0.001236    | 0.0695       | 55.9          | 0.01574      | 0.0175      | 0.03098        | 0.8307                 | 0.01039      | 886.71  | -480179.301154 |
| HIGHUSDT      | 0.001154      | 0.001288    | 0.05226      | 32.52         | 0.01238      | 0.01216     | 0.004635       | 0.9505                 | 0.004503     | 173.89  | -480179.301154 |
| RDNTUSDT      | 0.001151      | 0.00136     | 0.06089      | 42.58         | 0.01253      | 0.01265     | 0.0108         | 0.9273                 | 0.0075       | 116.5   | -480179.301151 |
| OGNUSDT       | 0.001149      | 0.001403    | 0.06586      | 52.17         | 0.01962      | 0.01862     | 0.05645        | 0.8456                 | 0.007096     | 850.71  | -480179.301149 |
| KAVAUSDT      | 0.001142      | 0.001115    | 0.06961      | 49.38         | 0.01772      | 0.01921     | 0.05606        | 0.8513                 | 0.01138      | 1096.7  | -480179.301142 |
| TUSDT         | 0.00113       | 0.001206    | 0.06743      | 27.18         | 0.01008      | 0.01195     | 0.03894        | 0.9038                 | 0.007238     | 179.46  | -480179.30113  |
| BLURUSDT      | 0.00112       | 0.001153    | 0.05962      | 37.07         | 0.00965      | 0.008969    | 0.03863        | 0.9831                 | 0.001926     | 93.5    | -480179.30112  |
| LEVERUSDT     | 0.001114      | 0.0008893   | 0.06369      | 44.67         | 0.01688      | 0.01379     | 0.06167        | 0.9656                 | 0.004245     | 122.49  | -480179.301114 |
| STXUSDT       | 0.001109      | 0.001174    | 0.068        | 66.05         | 0.01507      | 0.01517     | 0.02649        | 0.9276                 | 0.006034     | 159.39  | -480179.301109 |
| FILUSDT       | 0.001109      | 0.001375    | 0.06148      | 57.9          | 0.009918     | 0.0185      | 0.06182        | 0.7941                 | 0.0129       | 1016.75 | -480179.301109 |
| RADUSDT       | 0.001094      | 0.001113    | 0.0693       | 24.77         | 0.009002     | 0.01287     | 0.01843        | 0.903                  | 0.009189     | 81.5    | -480179.301094 |
| LITUSDT       | 0.001092      | 0.001129    | 0.06812      | 49.48         | 0.01768      | 0.01898     | 0.0307         | 0.8406                 | 0.009163     | 892.71  | -480179.301092 |
| STMXUSDT      | 0.001089      | 0.001286    | 0.06999      | 54.47         | 0.01519      | 0.01791     | 0.04001        | 0.8375                 | 0.01181      | 860.71  | -480179.301089 |
| AXSUSDT       | 0.001082      | 0.001445    | 0.06899      | 90.32         | 0.01608      | 0.01943     | 0.02386        | 0.8389                 | 0.01264      | 982.7   | -480179.301082 |
| RSRUSDT       | 0.001079      | 0.001992    | 0.04695      | 51.68         | 0.01218      | 0.01927     | 0.03249        | 0.7802                 | 0.01126      | 1013.7  | -480179.301079 |
| COMPUSDT      | 0.001079      | 0.00151     | 0.06152      | 69.95         | 0.01172      | 0.01888     | 0.01693        | 0.8062                 | 0.01291      | 1124.62 | -480179.301079 |
| ALPHAUSDT     | 0.00107       | 0.001435    | 0.06896      | 58.6          | 0.01702      | 0.01813     | 0.04269        | 0.7822                 | 0.01121      | 979.71  | -480179.30107  |
| UMAUSDT       | 0.001069      | 0.001043    | 0.06533      | 20.65         | 0.01276      | 0.01107     | 0.02651        | 0.9732                 | 0.002717     | 81.48   | -480179.301069 |
| VETUSDT       | 0.001064      | 0.001042    | 0.06937      | 49.45         | 0.0176       | 0.01673     | 0.06472        | 0.8233                 | 0.008573     | 1261.66 | -480179.301064 |
| 1000SHIBUSDT  | 0.00104       | 0.002042    | 0.05033      | 78.57         | 0.0101       | 0.01809     | 0.02186        | 0.7904                 | 0.01189      | 811.26  | -480179.30104  |
| ETHUSDT       | 0.001039      | 0.0009987   | 0.06907      | 58.38         | 0.01174      | 0.01396     | 0.05622        | 0.7821                 | 0.008563     | 1306.0  | -480179.301039 |
| DEFIUSDT      | 0.001021      | 0.001403    | 0.06273      | 48.7          | 0.01182      | 0.01128     | 0.03903        | 0.9082                 | 0.005358     | 1065.71 | -480179.301021 |
| KEYUSDT       | 0.001015      | 0.001401    | 0.03729      | 23.88         | 0.007888     | 0.008086    | 0.01694        | 0.9514                 | 0.004312     | 67.5    | -480179.301015 |
| 1000LUNCUSDT  | 0.001005      | 0.001524    | 0.0612       | 54.9          | 0.0098       | 0.01101     | 0.01012        | 0.8889                 | 0.006977     | 324.46  | -480179.301005 |
| ZILUSDT       | 0.0009927     | 0.001775    | 0.03971      | 69.08         | 0.009698     | 0.0135      | 0.02701        | 0.8192                 | 0.007848     | 1136.62 | -480179.300993 |
| AGIXUSDT      | 0.0009869     | 0.001586    | 0.06236      | 33.83         | 0.00988      | 0.00876     | 0.007343       | 0.9429                 | 0.004591     | 164.4   | -480179.300987 |
| ZECUSDT       | 0.0009871     | 0.0011      | 0.06771      | 48.02         | 0.01149      | 0.01376     | 0.04144        | 0.8422                 | 0.008584     | 1269.66 | -480179.300987 |
| PHBUSDT       | 0.0009828     | 0.0014      | 0.06791      | 19.98         | 0.01255      | 0.01414     | 0.05298        | 0.9045                 | 0.009474     | 164.39  | -480179.300983 |
| EOSUSDT       | 0.0009722     | 0.001171    | 0.07         | 67.02         | 0.01319      | 0.0148      | 0.0376         | 0.8591                 | 0.009041     | 1298.66 | -480179.300972 |
| TLMUSDT       | 0.0009691     | 0.0009388   | 0.05035      | 41.37         | 0.007701     | 0.007394    | 0.05093        | 0.9634                 | 0.003289     | 122.48  | -480179.300969 |
| XMRUSDT       | 0.0009664     | 0.00131     | 0.06877      | 52.58         | 0.009968     | 0.01468     | 0.01403        | 0.8119                 | 0.01052      | 1272.66 | -480179.300966 |
| XLMUSDT       | 0.0009649     | 0.001072    | 0.06719      | 50.67         | 0.01468      | 0.01685     | 0.02072        | 0.8253                 | 0.006092     | 1286.66 | -480179.300965 |
| BATUSDT       | 0.0009635     | 0.001029    | 0.06991      | 62.38         | 0.01899      | 0.01807     | 0.06816        | 0.8614                 | 0.01071      | 1262.66 | -480179.300964 |
| LUNA2USDT     | 0.0009608     | 0.001412    | 0.06571      | 18.78         | 0.01244      | 0.01211     | 0.04225        | 0.9177                 | 0.00494      | 323.87  | -480179.300961 |
| CHRUSDT       | 0.0009509     | 0.001546    | 0.06872      | 61.32         | 0.0135       | 0.01588     | 0.02908        | 0.8475                 | 0.01071      | 870.71  | -480179.300951 |
| NEOUSDT       | 0.0009385     | 0.0008691   | 0.06046      | 62.87         | 0.01548      | 0.01934     | 0.02665        | 0.7637                 | 0.01061      | 1258.63 | -480179.300938 |
| LTCUSDT       | 0.0009362     | 0.0009377   | 0.06564      | 50.97         | 0.01291      | 0.01666     | 0.0413         | 0.7843                 | 0.01012      | 1297.66 | -480179.300936 |
| BCHUSDT       | 0.0009287     | 0.000897    | 0.06712      | 60.0          | 0.01356      | 0.01445     | 0.0349         | 0.8835                 | 0.005851     | 1306.0  | -480179.300929 |
| TRXUSDT       | 0.0009218     | 0.001227    | 0.06919      | 63.53         | 0.01192      | 0.0167      | 0.01966        | 0.817                  | 0.009291     | 1291.66 | -480179.300922 |
| ETCUSDT       | 0.0009104     | 0.001731    | 0.0692       | 63.18         | 0.01257      | 0.01616     | 0.07038        | 0.8135                 | 0.00987      | 1290.66 | -480179.30091  |
| YFIUSDT       | 0.0009073     | 0.001606    | 0.06733      | 36.27         | 0.01465      | 0.01449     | 0.07387        | 0.8355                 | 0.00904      | 1062.71 | -480179.300907 |
| APEUSDT       | 0.0009017     | 0.001812    | 0.03506      | 46.3          | 0.01007      | 0.009879    | 0.04464        | 0.9111                 | 0.004416     | 500.37  | -480179.300902 |
| QTUMUSDT      | 0.0008925     | 0.001045    | 0.06082      | 84.42         | 0.01441      | 0.01813     | 0.02188        | 0.7895                 | 0.01113      | 1255.66 | -480179.300893 |
| PEOPLEUSDT    | 0.0008871     | 0.001197    | 0.04874      | 49.5          | 0.01397      | 0.01361     | 0.01138        | 0.9206                 | 0.004855     | 583.83  | -480179.300887 |
| BALUSDT       | 0.0008855     | 0.001023    | 0.0619       | 48.95         | 0.01521      | 0.01845     | 0.02477        | 0.8295                 | 0.01115      | 1061.71 | -480179.300885 |
| BNBUSDT       | 0.000876      | 0.0009461   | 0.06942      | 91.73         | 0.01212      | 0.01458     | 0.01655        | 0.8853                 | 0.005878     | 1265.66 | -480179.300876 |
| KSMUSDT       | 0.0008696     | 0.001731    | 0.05807      | 66.02         | 0.01535      | 0.0163      | 0.08927        | 0.8004                 | 0.01005      | 1018.71 | -480179.30087  |
| FETUSDT       | 0.0008627     | 0.001032    | 0.06855      | 42.73         | 0.01195      | 0.01398     | 0.04822        | 0.9099                 | 0.009741     | 194.89  | -480179.300863 |
| XTZUSDT       | 0.0008506     | 0.001134    | 0.06995      | 65.52         | 0.01595      | 0.01565     | 0.03604        | 0.8568                 | 0.0101       | 1268.66 | -480179.300851 |
| ONTUSDT       | 0.0008413     | 0.00108     | 0.06993      | 40.88         | 0.01837      | 0.01949     | 0.07264        | 0.7821                 | 0.0132       | 1264.66 | -480179.300841 |
| STORJUSDT     | 0.000837      | 0.001454    | 0.03494      | 70.6          | 0.01457      | 0.01853     | 0.07786        | 0.7991                 | 0.01043      | 1046.7  | -480179.300837 |
| APTUSDT       | 0.0008361     | 0.001347    | 0.05664      | 51.88         | 0.008481     | 0.00813     | 0.003787       | 0.9335                 | 0.004309     | 284.92  | -480179.300836 |
| LDOUSDT       | 0.0008344     | 0.001008    | 0.05889      | 57.08         | 0.01746      | 0.01639     | 0.04088        | 0.8199                 | 0.0092       | 311.5   | -480179.300834 |
| 1INCHUSDT     | 0.0008189     | 0.00127     | 0.03813      | 50.82         | 0.01157      | 0.01823     | 0.02923        | 0.7725                 | 0.01131      | 947.58  | -480179.300819 |
| GMXUSDT       | 0.0008176     | 0.0007994   | 0.05615      | 54.85         | 0.01056      | 0.01002     | 0.0117         | 0.9674                 | 0.002773     | 163.39  | -480179.300818 |
| ARPAUSDT      | 0.0007988     | 0.0008724   | 0.0433       | 75.02         | 0.01473      | 0.01472     | 0.01263        | 0.9238                 | 0.004031     | 649.85  | -480179.300799 |
| MAGICUSDT     | 0.0007844     | 0.001203    | 0.0652       | 57.32         | 0.01578      | 0.01589     | 0.04503        | 0.9116                 | 0.0111       | 186.87  | -480179.300784 |
| ONEUSDT       | 0.000774      | 0.001926    | 0.03656      | 34.35         | 0.01278      | 0.01936     | 0.07227        | 0.7689                 | 0.0113       | 864.71  | -480179.300774 |
| SXPUSDT       | 0.0007464     | 0.001242    | 0.04484      | 55.28         | 0.01078      | 0.01518     | 0.08342        | 0.8281                 | 0.009265     | 1103.62 | -480179.300746 |
| QNTUSDT       | 0.0007351     | 0.0008014   | 0.06931      | 87.65         | 0.01143      | 0.009789    | 0.03848        | 0.9494                 | 0.004287     | 283.89  | -480179.300735 |
| KNCUSDT       | 0.0007304     | 0.001234    | 0.05787      | 51.12         | 0.0134       | 0.01853     | 0.03491        | 0.8228                 | 0.01268      | 1132.63 | -480179.30073  |
| ICPUSDT       | 0.0007302     | 0.0009726   | 0.03902      | 44.88         | 0.00724      | 0.00633     | 0.02291        | 0.9691                 | 0.002077     | 306.89  | -480179.30073  |
| IOTAUSDT      | 0.0007182     | 0.0009924   | 0.06611      | 56.02         | 0.01733      | 0.01635     | 0.06754        | 0.8142                 | 0.00823      | 1263.66 | -480179.300718 |
| IMXUSDT       | 0.0006943     | 0.001195    | 0.03536      | 42.23         | 0.01056      | 0.009447    | 0.009732       | 0.9182                 | 0.003806     | 534.85  | -480179.300694 |
| PERPUSDT      | 0.0006912     | 0.001154    | 0.06869      | 32.85         | 0.009408     | 0.008051    | 0.02106        | 0.9594                 | 0.004246     | 146.5   | -480179.300691 |
| BLUEBIRDUSDT  | 0.0006424     | 0.000818    | 0.05142      | 44.23         | 0.007024     | 0.007034    | 0.04305        | 0.9809                 | 0.001381     | 270.5   | -480179.300642 |
| XEMUSDT       | 0.0006399     | 0.001006    | 0.05469      | 33.03         | 0.009638     | 0.01804     | 0.03394        | 0.8233                 | 0.0118       | 879.71  | -480179.30064  |
| ANTUSDT       | 0.0006375     | 0.0009814   | 0.03318      | 68.28         | 0.01376      | 0.01279     | 0.009777       | 0.9238                 | 0.003065     | 580.83  | -480179.300637 |
| CELOUSDT      | 0.0006355     | 0.0007453   | 0.04982      | 64.55         | 0.01293      | 0.01503     | 0.01779        | 0.8387                 | 0.009289     | 671.85  | -480179.300636 |
| DARUSDT       | 0.0006282     | 0.001045    | 0.0346       | 41.35         | 0.009569     | 0.009025    | 0.02336        | 0.9315                 | 0.003944     | 457.85  | -480179.300628 |
| ROSEUSDT      | 0.0006002     | 0.001008    | 0.04517      | 23.92         | 0.007776     | 0.01182     | 0.01973        | 0.8636                 | 0.007582     | 576.85  | -480179.3006   |
| DUSKUSDT      | 0.0005691     | 0.001114    | 0.06499      | 48.0          | 0.01217      | 0.01318     | 0.04898        | 0.9028                 | 0.008948     | 569.85  | -480179.300569 |
| FLMUSDT       | 0.000567      | 0.001106    | 0.03896      | 52.92         | 0.01998      | 0.01965     | 0.06174        | 0.8436                 | 0.007996     | 1033.71 | -480179.300567 |
| API3USDT      | 0.0005594     | 0.0007926   | 0.04822      | 46.73         | 0.0113       | 0.009678    | 0.006425       | 0.9414                 | 0.003425     | 523.85  | -480179.300559 |
| SSVUSDT       | 0.0005289     | 0.0008832   | 0.04667      | 39.45         | 0.01549      | 0.01734     | 0.02499        | 0.8917                 | 0.01096      | 156.5   | -480179.300529 |
| CVXUSDT       | 0.0005111     | 0.000627    | 0.06864      | 62.03         | 0.0101       | 0.01044     | 0.05183        | 0.8967                 | 0.00662      | 311.49  | -480179.300511 |
| WOOUSDT       | 0.000508      | 0.0007266   | 0.03785      | 54.52         | 0.01325      | 0.01356     | 0.03242        | 0.8844                 | 0.007536     | 478.85  | -480179.300508 |
| ACHUSDT       | 0.0005029     | 0.0009503   | 0.04475      | 25.82         | 0.0152       | 0.01319     | 0.02197        | 0.9492                 | 0.004068     | 158.39  | -480179.300503 |
| ADAUSDT       | 0.000493      | 0.000693    | 0.05335      | 75.7          | 0.01267      | 0.01527     | 0.03593        | 0.8834                 | 0.0108       | 1275.66 | -480179.300493 |
| STGUSDT       | 0.0004538     | 0.0006683   | 0.06322      | 71.92         | 0.01388      | 0.01766     | 0.03161        | 0.8677                 | 0.01296      | 339.5   | -480179.300454 |
| BNXUSDT       | 0.0004267     | 0.00106     | 0.04275      | 34.63         | 0.01805      | 0.01674     | 0.06464        | 0.9436                 | 0.003956     | 158.38  | -480179.300427 |
| CKBUSDT       | 0.0003865     | 0.0008325   | 0.04919      | 49.07         | 0.00766      | 0.006826    | 0.01552        | 0.9588                 | 0.003917     | 152.5   | -480179.300387 |
| BTCUSDT       | 0.0003745     | 0.0004395   | 0.04577      | 86.05         | 0.008404     | 0.009152    | 0.0202         | 0.8926                 | 0.00412      | 1306.0  | -480179.300375 |
| FOOTBALLUSDT  | 0.0003691     | 0.0008471   | 0.02763      | 39.9          | 0.006409     | 0.006391    | 0.08136        | 0.9594                 | 0.001937     | 332.87  | -480179.300369 |
| GALUSDT       | 0.0002848     | 0.0009804   | 0.04012      | 41.05         | 0.01846      | 0.01748     | 0.06528        | 0.8622                 | 0.00592      | 451.41  | -480179.300285 |
| BTCDOMUSDT    | 0.0001684     | 0.0003265   | 0.06697      | 76.35         | 0.007512     | 0.006373    | 0.08477        | 0.9677                 | 0.002485     | 769.85  | -480179.300168 |
| COCOSUSDT     | 0.0001463     | 0.00119     | 0.03529      | 23.58         | 0.007551     | 0.008433    | 0.02377        | 0.9814                 | 0.001701     | 159.38  | -480179.300146 |
| USDCUSDT      | 1.467e-08     | 1.467e-07   | 1.692e-05    | 22.28         | 0.002483     | 9.214e-05   | 0.0            | 1.0                    | 5.198e-07    | 140.29  | -480179.3      |
| JASMYUSDT     | 0.0008939     | 0.001093    | 0.08293      | 58.43         | 0.01466      | 0.01532     | 0.05505        | 0.8602                 | 0.009796     | 466.85  | -480179.171618 |
| ENSUSDT       | 0.000601      | 0.001062    | 0.08384      | 47.67         | 0.01577      | 0.01876     | 0.07983        | 0.8312                 | 0.01269      | 607.85  | -480179.162237 |
| TRUUSDT       | 0.0003414     | 0.001268    | 0.0873       | 30.57         | 0.01923      | 0.01607     | 0.06101        | 0.8942                 | 0.008691     | 145.5   | -480179.127335 |
| AUDIOUSDT     | 0.0004848     | 0.0008033   | 0.08923      | 43.97         | 0.01516      | 0.01704     | 0.04284        | 0.8675                 | 0.01299      | 710.85  | -480179.108204 |
| ATAUSDT       | 0.001006      | 0.001221    | 0.0912       | 54.6          | 0.01547      | 0.01523     | 0.05765        | 0.8522                 | 0.00928      | 698.85  | -480179.089012 |
| XVSUSDT       | 0.001057      | 0.0009816   | 0.0997       | 28.5          | 0.01468      | 0.01446     | 0.03527        | 0.9024                 | 0.01038      | 108.89  | -480179.00401  |
| CTSIUSDT      | 0.0008751     | 0.001294    | 0.06338      | 76.97         | 0.01678      | 0.02006     | 0.05696        | 0.8199                 | 0.01355      | 642.85  | -480178.671533 |
| LPTUSDT       | 0.001047      | 0.001052    | 0.09559      | 42.17         | 0.01746      | 0.02046     | 0.05229        | 0.811                  | 0.01524      | 626.85  | -480174.454928 |
| 1000XECUSDT   | 0.0007047     | 0.0009295   | 0.08874      | 67.7          | 0.01667      | 0.02148     | 0.06949        | 0.7778                 | 0.01614      | 681.85  | -480164.331624 |
| IOTXUSDT      | 0.0005837     | 0.001091    | 0.1023       | 50.75         | 0.01936      | 0.0222      | 0.06529        | 0.8339                 | 0.01392      | 717.85  | -480156.956796 |
| DYDXUSDT      | 0.0005783     | 0.0008873   | 0.05718      | 51.68         | 0.01618      | 0.02448     | 0.03022        | 0.7917                 | 0.01701      | 688.85  | -480134.476499 |
| ARUSDT        | 0.0004951     | 0.0009758   | 0.03992      | 57.03         | 0.01492      | 0.01945     | 0.1347         | 0.8157                 | 0.01191      | 670.85  | -476710.397772 |
| GALAUSDT      | 0.0005463     | 0.001155    | 0.0794       | 30.65         | 0.01702      | 0.03943     | 0.1024         | 0.7575                 | 0.0254       | 680.85  | -475694.63879  |
| C98USDT       | 0.000429      | 0.0006667   | 0.05172      | 47.1          | 0.02211      | 0.0273      | 0.1442         | 0.7534                 | 0.01765      | 705.85  | -475681.896464 |
| FXSUSDT       | 0.0002537     | 0.0007913   | 0.07091      | 26.12         | 0.01708      | 0.0286      | 0.1711         | 0.7642                 | 0.02123      | 191.87  | -472980.222284 |
| JOEUSDT       | 0.0001308     | 0.0005029   | 0.04878      | 49.22         | 0.01431      | 0.0172      | 0.281          | 0.9036                 | 0.01168      | 123.49  | -462082.412305 |
| MASKUSDT      | 0.0005707     | 0.0007385   | 0.1002       | 59.45         | 0.02419      | 0.03602     | 0.1892         | 0.8177                 | 0.02599      | 702.85  | -461239.406562 |
| KLAYUSDT      | 0.0001592     | 0.0006382   | 0.0964       | 65.27         | 0.0171       | 0.0264      | 0.3553         | 0.783                  | 0.01934      | 656.85  | -454586.478064 |
| FLOWUSDT      | 0.0002781     | 0.0003404   | 0.0669       | 50.77         | 0.01812      | 0.0201      | 0.3564         | 0.8346                 | 0.01585      | 535.85  | -454535.89795  |
| GMTUSDT       | 0.0008872     | 0.001062    | 0.1651       | 92.77         | 0.02997      | 0.04228     | 0.2446         | 0.7426                 | 0.03299      | 502.83  | -378152.893848 |
| BAKEUSDT      | 0.000309      | 0.0008705   | 0.1232       | 34.45         | 0.03112      | 0.05568     | 0.4903         | 0.7115                 | 0.03727      | 802.71  | -279675.724276 |
| GTCUSDT       | 0.001125      | 0.001217    | 0.1851       | 55.33         | 0.03176      | 0.05177     | 0.2014         | 0.6486                 | 0.03677      | 779.85  | -250628.017386 |
+---------------+---------------+-------------+--------------+---------------+--------------+-------------+----------------+------------------------+--------------+---------+----------------+

+---------------------------------------------------------------------------------------------------------------------------------------------------------------------------------------------+
|                                                                                            short                                                                                            |
+---------------+---------------+-------------+--------------+---------------+--------------+-------------+----------------+------------------------+--------------+---------+----------------+
| symbol        | adg_w_per_exp | adg_per_exp | exp_rts_mean | hrs_stuck_max | pa_dist_mean | pa_dist_std | loss_profit_rt | eqbal_rt_10_worst_mean | eqbal_rt_std | n_days  | score          |
+---------------+---------------+-------------+--------------+---------------+--------------+-------------+----------------+------------------------+--------------+---------+----------------+
| KEYUSDT       | 0.003213      | 0.002184    | 0.04037      | 33.85         | 0.01307      | 0.01207     | 0.01529        | 0.9564                 | 0.004174     | 67.5    | -230179.303213 |
| STMXUSDT      | 0.002816      | 0.002216    | 0.06478      | 33.28         | 0.01492      | 0.01387     | 0.02731        | 0.8345                 | 0.008136     | 860.71  | -230179.302816 |
| OGNUSDT       | 0.00256       | 0.002176    | 0.06771      | 80.35         | 0.01076      | 0.01158     | 0.00204        | 0.8889                 | 0.004921     | 850.71  | -230179.30256  |
| CHZUSDT       | 0.002439      | 0.002246    | 0.06988      | 48.8          | 0.007602     | 0.008135    | 0.001893       | 0.9353                 | 0.003755     | 920.71  | -230179.302439 |
| RADUSDT       | 0.002411      | 0.001828    | 0.05962      | 37.68         | 0.006693     | 0.006669    | 0.0009768      | 0.97                   | 0.002848     | 81.5    | -230179.302411 |
| IDEXUSDT      | 0.002405      | 0.001399    | 0.06558      | 34.08         | 0.01283      | 0.01125     | 0.05308        | 0.922                  | 0.007481     | 88.5    | -230179.302405 |
| RENUSDT       | 0.002398      | 0.002254    | 0.06964      | 51.73         | 0.01692      | 0.01762     | 0.03287        | 0.7454                 | 0.01453      | 1019.71 | -230179.302398 |
| EDUUSDT       | 0.002388      | 0.001918    | 0.04688      | 50.22         | 0.01157      | 0.01222     | 0.008765       | 0.9783                 | 0.001994     | 91.5    | -230179.302388 |
| ACHUSDT       | 0.002292      | 0.001738    | 0.06307      | 65.0          | 0.01253      | 0.01291     | 0.02041        | 0.9385                 | 0.004764     | 158.39  | -230179.302292 |
| CTKUSDT       | 0.002285      | 0.001687    | 0.06985      | 39.85         | 0.01259      | 0.01426     | 0.02792        | 0.686                  | 0.009869     | 983.71  | -230179.302285 |
| SUSHIUSDT     | 0.002255      | 0.002223    | 0.06956      | 54.77         | 0.01251      | 0.01511     | 0.01822        | 0.7095                 | 0.01159      | 1058.71 | -230179.302255 |
| RDNTUSDT      | 0.002239      | 0.001948    | 0.03952      | 53.02         | 0.01087      | 0.01076     | 0.0008668      | 0.9568                 | 0.003042     | 116.5   | -230179.302239 |
| AGIXUSDT      | 0.002223      | 0.00203     | 0.05224      | 37.82         | 0.01393      | 0.01197     | 0.02799        | 0.9661                 | 0.002824     | 164.4   | -230179.302223 |
| TOMOUSDT      | 0.002218      | 0.001995    | 0.06876      | 68.35         | 0.01295      | 0.01662     | 0.01574        | 0.8071                 | 0.01432      | 1020.71 | -230179.302218 |
| AMBUSDT       | 0.002208      | 0.001457    | 0.0442       | 50.78         | 0.01235      | 0.01371     | 0.01104        | 0.933                  | 0.004883     | 122.5   | -230179.302208 |
| RLCUSDT       | 0.002172      | 0.002113    | 0.06863      | 66.82         | 0.01557      | 0.01597     | 0.01612        | 0.8512                 | 0.008759     | 1093.71 | -230179.302172 |
| ASTRUSDT      | 0.002156      | 0.001573    | 0.04988      | 36.8          | 0.01053      | 0.01043     | 0.006121       | 0.9484                 | 0.003192     | 166.89  | -230179.302156 |
| HIGHUSDT      | 0.002137      | 0.001587    | 0.06118      | 34.82         | 0.01584      | 0.01443     | 0.04848        | 0.8811                 | 0.01002      | 173.89  | -230179.302137 |
| SANDUSDT      | 0.002092      | 0.001946    | 0.06991      | 64.62         | 0.01248      | 0.01458     | 0.02319        | 0.8555                 | 0.0089       | 916.71  | -230179.302092 |
| LITUSDT       | 0.002082      | 0.002338    | 0.06958      | 67.97         | 0.01448      | 0.01264     | 0.01637        | 0.8541                 | 0.006387     | 892.71  | -230179.302082 |
| CHRUSDT       | 0.002078      | 0.002123    | 0.06976      | 87.08         | 0.01345      | 0.01397     | 0.00936        | 0.861                  | 0.008117     | 870.71  | -230179.302078 |
| LQTYUSDT      | 0.002073      | 0.002067    | 0.03914      | 58.12         | 0.012        | 0.01328     | 0.003092       | 0.9024                 | 0.006963     | 142.5   | -230179.302073 |
| TRBUSDT       | 0.002069      | 0.002725    | 0.06981      | 80.55         | 0.01459      | 0.0161      | 0.003404       | 0.7217                 | 0.01111      | 1059.71 | -230179.302069 |
| 1000FLOKIUSDT | 0.002067      | 0.00196     | 0.06497      | 30.92         | 0.00577      | 0.006324    | 0.0002698      | 0.9711                 | 0.002736     | 85.31   | -230179.302067 |
| ANKRUSDT      | 0.002047      | 0.002995    | 0.06884      | 87.27         | 0.01112      | 0.01408     | 0.007176       | 0.78                   | 0.01177      | 915.71  | -230179.302047 |
| ALICEUSDT     | 0.002039      | 0.002085    | 0.06808      | 56.47         | 0.01492      | 0.01593     | 0.01726        | 0.8366                 | 0.008328     | 866.87  | -230179.302039 |
| BANDUSDT      | 0.002037      | 0.001833    | 0.06601      | 73.3          | 0.01267      | 0.01435     | 0.04994        | 0.8595                 | 0.007847     | 1095.71 | -230179.302037 |
| SFPUSDT       | 0.002036      | 0.001701    | 0.06995      | 84.8          | 0.01361      | 0.01918     | 0.005323       | 0.6041                 | 0.01233      | 886.71  | -230179.302036 |
| OCEANUSDT     | 0.002016      | 0.002485    | 0.06603      | 60.87         | 0.01185      | 0.01422     | 0.04377        | 0.7995                 | 0.01214      | 998.71  | -230179.302016 |
| BLURUSDT      | 0.00201       | 0.001594    | 0.06863      | 48.97         | 0.009185     | 0.01255     | 0.04061        | 0.9232                 | 0.007334     | 93.5    | -230179.30201  |
| CELRUSDT      | 0.001969      | 0.002102    | 0.06773      | 58.23         | 0.01347      | 0.01461     | 0.01399        | 0.8523                 | 0.00697      | 853.71  | -230179.301969 |
| UMAUSDT       | 0.00196       | 0.001262    | 0.0485       | 18.6          | 0.007701     | 0.007607    | 0.03463        | 0.9715                 | 0.002534     | 81.48   | -230179.30196  |
| REEFUSDT      | 0.001947      | 0.00222     | 0.06984      | 85.77         | 0.009776     | 0.01276     | 0.00854        | 0.8356                 | 0.01009      | 888.7   | -230179.301947 |
| GALUSDT       | 0.001939      | 0.001768    | 0.05064      | 59.2          | 0.01267      | 0.01323     | 0.008309       | 0.924                  | 0.004183     | 451.41  | -230179.301939 |
| STORJUSDT     | 0.001924      | 0.001918    | 0.06991      | 75.72         | 0.01596      | 0.01931     | 0.01287        | 0.7903                 | 0.01226      | 1046.7  | -230179.301924 |
| LINAUSDT      | 0.001911      | 0.001606    | 0.04198      | 67.98         | 0.01356      | 0.01955     | 0.04211        | 0.6614                 | 0.01692      | 863.71  | -230179.301911 |
| TRUUSDT       | 0.001885      | 0.001696    | 0.06083      | 75.45         | 0.01097      | 0.01319     | 0.02868        | 0.9005                 | 0.007999     | 145.5   | -230179.301885 |
| SUIUSDT       | 0.001873      | 0.001552    | 0.04306      | 43.87         | 0.008999     | 0.009634    | 0.0258         | 0.9784                 | 0.001924     | 88.33   | -230179.301873 |
| MTLUSDT       | 0.001871      | 0.001717    | 0.06785      | 49.65         | 0.01353      | 0.0191      | 0.02137        | 0.6701                 | 0.01886      | 851.71  | -230179.301871 |
| TLMUSDT       | 0.001848      | 0.001142    | 0.05932      | 26.72         | 0.008522     | 0.007953    | 0.01201        | 0.9795                 | 0.001703     | 122.48  | -230179.301848 |
| NKNUSDT       | 0.001829      | 0.002836    | 0.07         | 66.45         | 0.01546      | 0.01976     | 0.04577        | 0.6968                 | 0.01791      | 842.71  | -230179.301829 |
| 1000PEPEUSDT  | 0.001818      | 0.001641    | 0.02611      | 42.28         | 0.01273      | 0.01329     | 0.006965       | 0.9557                 | 0.00349      | 86.31   | -230179.301818 |
| COTIUSDT      | 0.001793      | 0.00175     | 0.06965      | 43.43         | 0.01426      | 0.01428     | 0.01043        | 0.8648                 | 0.007262     | 872.71  | -230179.301793 |
| COMBOUSDT     | 0.001783      | 0.001357    | 0.0359       | 31.47         | 0.009805     | 0.009485    | 0.01779        | 0.9879                 | 0.001324     | 58.5    | -230179.301783 |
| MANAUSDT      | 0.001746      | 0.001499    | 0.06935      | 29.18         | 0.01382      | 0.0161      | 0.01819        | 0.7613                 | 0.009123     | 867.71  | -230179.301746 |
| ICXUSDT       | 0.001738      | 0.001794    | 0.06992      | 61.6          | 0.01585      | 0.01582     | 0.05875        | 0.6895                 | 0.01215      | 1047.71 | -230179.301738 |
| CRVUSDT       | 0.001736      | 0.00227     | 0.06971      | 50.83         | 0.01226      | 0.0176      | 0.02711        | 0.6877                 | 0.01585      | 1061.71 | -230179.301736 |
| LUNA2USDT     | 0.001721      | 0.001605    | 0.06918      | 43.75         | 0.00838      | 0.01027     | 0.0217         | 0.8558                 | 0.007489     | 323.87  | -230179.301721 |
| ZRXUSDT       | 0.001713      | 0.002107    | 0.06985      | 63.58         | 0.01268      | 0.01887     | 0.01568        | 0.6578                 | 0.01656      | 1130.62 | -230179.301713 |
| ALPHAUSDT     | 0.00171       | 0.00187     | 0.06416      | 51.78         | 0.01568      | 0.01483     | 0.02029        | 0.7823                 | 0.009728     | 979.71  | -230179.30171  |
| HFTUSDT       | 0.001708      | 0.001616    | 0.06987      | 36.12         | 0.008746     | 0.008028    | 0.02588        | 0.9751                 | 0.002405     | 115.5   | -230179.301708 |
| SKLUSDT       | 0.001708      | 0.001932    | 0.06955      | 81.98         | 0.01373      | 0.01881     | 0.01863        | 0.7509                 | 0.01573      | 964.68  | -230179.301708 |
| BLZUSDT       | 0.001691      | 0.002304    | 0.06824      | 85.52         | 0.01372      | 0.01495     | 0.04302        | 0.7885                 | 0.01192      | 1045.7  | -230179.301691 |
| SSVUSDT       | 0.001691      | 0.001646    | 0.06377      | 80.07         | 0.01004      | 0.009457    | 0.001293       | 0.9522                 | 0.004151     | 156.5   | -230179.301691 |
| TUSDT         | 0.001679      | 0.001382    | 0.06268      | 34.18         | 0.01153      | 0.01496     | 0.02948        | 0.857                  | 0.01191      | 179.46  | -230179.301679 |
| MINAUSDT      | 0.001672      | 0.001504    | 0.0569       | 76.73         | 0.01012      | 0.008789    | 0.04514        | 0.9526                 | 0.003209     | 173.54  | -230179.301672 |
| ENJUSDT       | 0.001651      | 0.00201     | 0.06791      | 50.8          | 0.01446      | 0.01558     | 0.03129        | 0.7351                 | 0.01166      | 1033.71 | -230179.301651 |
| GRTUSDT       | 0.001645      | 0.002443    | 0.06988      | 46.52         | 0.01433      | 0.01758     | 0.02984        | 0.704                  | 0.01652      | 953.71  | -230179.301645 |
| BNXUSDT       | 0.001644      | 0.001789    | 0.0607       | 70.07         | 0.009327     | 0.00972     | 0.01803        | 0.9149                 | 0.005796     | 158.38  | -230179.301644 |
| HOTUSDT       | 0.001642      | 0.001438    | 0.06995      | 59.02         | 0.01276      | 0.0148      | 0.007256       | 0.8477                 | 0.006555     | 852.71  | -230179.301642 |
| ZENUSDT       | 0.00164       | 0.002068    | 0.06999      | 86.37         | 0.01432      | 0.01277     | 0.003668       | 0.8704                 | 0.00702      | 978.71  | -230179.30164  |
| DENTUSDT      | 0.001625      | 0.001503    | 0.06962      | 46.07         | 0.01446      | 0.01709     | 0.03829        | 0.7612                 | 0.01451      | 858.83  | -230179.301625 |
| BELUSDT       | 0.001617      | 0.001626    | 0.06945      | 63.52         | 0.01793      | 0.01896     | 0.05007        | 0.6699                 | 0.01385      | 984.71  | -230179.301617 |
| LEVERUSDT     | 0.001608      | 0.001525    | 0.05392      | 80.18         | 0.008069     | 0.007708    | 0.0004802      | 0.9753                 | 0.001944     | 122.49  | -230179.301608 |
| COMPUSDT      | 0.00159       | 0.001254    | 0.06994      | 56.77         | 0.01582      | 0.01762     | 0.02961        | 0.8613                 | 0.01064      | 1124.62 | -230179.30159  |
| SNXUSDT       | 0.001586      | 0.001549    | 0.06902      | 53.33         | 0.01606      | 0.01776     | 0.00595        | 0.7717                 | 0.01166      | 1079.7  | -230179.301586 |
| RSRUSDT       | 0.001565      | 0.002059    | 0.06943      | 47.68         | 0.01667      | 0.01713     | 0.0237         | 0.8232                 | 0.01209      | 1013.7  | -230179.301565 |
| CKBUSDT       | 0.001564      | 0.001342    | 0.04195      | 20.82         | 0.01274      | 0.01154     | 0.03329        | 0.9723                 | 0.002057     | 152.5   | -230179.301564 |
| HBARUSDT      | 0.001563      | 0.002432    | 0.06168      | 48.28         | 0.01216      | 0.01797     | 0.06422        | 0.779                  | 0.01582      | 865.71  | -230179.301563 |
| PERPUSDT      | 0.001558      | 0.001155    | 0.06288      | 35.52         | 0.0103       | 0.009923    | 0.01618        | 0.972                  | 0.002611     | 146.5   | -230179.301558 |
| ONTUSDT       | 0.001556      | 0.001896    | 0.06997      | 55.57         | 0.01456      | 0.017       | 0.0177         | 0.7069                 | 0.01434      | 1264.66 | -230179.301556 |
| AVAXUSDT      | 0.001555      | 0.002149    | 0.06918      | 78.58         | 0.0128       | 0.01742     | 0.005862       | 0.7156                 | 0.01482      | 1039.71 | -230179.301555 |
| RVNUSDT       | 0.001553      | 0.001223    | 0.06397      | 56.47         | 0.01448      | 0.01606     | 0.01658        | 0.8265                 | 0.0101       | 887.71  | -230179.301553 |
| YFIUSDT       | 0.00155       | 0.001408    | 0.0696       | 44.98         | 0.01106      | 0.01171     | 0.02118        | 0.905                  | 0.005637     | 1062.71 | -230179.30155  |
| ENSUSDT       | 0.001529      | 0.001341    | 0.06787      | 50.35         | 0.0144       | 0.01515     | 0.00845        | 0.9397                 | 0.00443      | 607.85  | -230179.301529 |
| KAVAUSDT      | 0.001512      | 0.001778    | 0.06715      | 59.47         | 0.01558      | 0.01954     | 0.06359        | 0.6835                 | 0.01606      | 1096.7  | -230179.301512 |
| XVSUSDT       | 0.001511      | 0.001444    | 0.05493      | 32.08         | 0.01086      | 0.01034     | 0.024          | 0.9663                 | 0.003238     | 108.89  | -230179.301511 |
| UNIUSDT       | 0.001509      | 0.001674    | 0.06793      | 53.12         | 0.01216      | 0.01373     | 0.02024        | 0.819                  | 0.008613     | 1044.71 | -230179.301509 |
| ONEUSDT       | 0.001501      | 0.001789    | 0.06637      | 47.82         | 0.01547      | 0.0177      | 0.01968        | 0.7914                 | 0.013        | 864.71  | -230179.301501 |
| FETUSDT       | 0.001491      | 0.001586    | 0.06581      | 33.12         | 0.01247      | 0.01983     | 0.03852        | 0.8308                 | 0.01842      | 194.89  | -230179.301491 |
| DEFIUSDT      | 0.001479      | 0.001301    | 0.06834      | 51.02         | 0.01883      | 0.01923     | 0.01896        | 0.9103                 | 0.004905     | 1065.71 | -230179.301479 |
| FLMUSDT       | 0.001478      | 0.002094    | 0.0676       | 83.18         | 0.01579      | 0.01724     | 0.02935        | 0.5342                 | 0.01522      | 1033.71 | -230179.301478 |
| JASMYUSDT     | 0.001474      | 0.00144     | 0.03458      | 67.3          | 0.009084     | 0.009417    | 0.001276       | 0.9123                 | 0.003999     | 466.85  | -230179.301474 |
| KNCUSDT       | 0.001457      | 0.001794    | 0.06985      | 47.72         | 0.01657      | 0.01675     | 0.06554        | 0.7585                 | 0.01463      | 1132.63 | -230179.301457 |
| IOSTUSDT      | 0.001453      | 0.001364    | 0.06981      | 75.73         | 0.01391      | 0.01604     | 0.01111        | 0.8269                 | 0.007927     | 1254.66 | -230179.301453 |
| XEMUSDT       | 0.001449      | 0.002309    | 0.06994      | 59.88         | 0.009909     | 0.0159      | 0.01034        | 0.7557                 | 0.0143       | 879.71  | -230179.301449 |
| CELOUSDT      | 0.001426      | 0.00147     | 0.05943      | 79.98         | 0.01138      | 0.01396     | 0.01458        | 0.7998                 | 0.01109      | 671.85  | -230179.301426 |
| BATUSDT       | 0.001419      | 0.001423    | 0.06943      | 59.77         | 0.01519      | 0.01435     | 0.02273        | 0.7731                 | 0.007649     | 1262.66 | -230179.301419 |
| CTSIUSDT      | 0.001418      | 0.001702    | 0.06383      | 81.88         | 0.01208      | 0.01771     | 0.01841        | 0.7922                 | 0.01533      | 642.85  | -230179.301418 |
| PHBUSDT       | 0.001388      | 0.0016      | 0.05428      | 52.37         | 0.01248      | 0.01819     | 0.02958        | 0.8149                 | 0.01455      | 164.39  | -230179.301388 |
| ATOMUSDT      | 0.001388      | 0.002088    | 0.0698       | 64.68         | 0.009574     | 0.01379     | 0.04694        | 0.8267                 | 0.01155      | 1268.49 | -230179.301388 |
| 1INCHUSDT     | 0.001385      | 0.001556    | 0.06906      | 77.3          | 0.01191      | 0.01462     | 0.01316        | 0.8203                 | 0.009688     | 947.58  | -230179.301385 |
| NEARUSDT      | 0.001375      | 0.002047    | 0.06758      | 53.35         | 0.01465      | 0.01886     | 0.02048        | 0.6705                 | 0.01626      | 1017.66 | -230179.301375 |
| DGBUSDT       | 0.001368      | 0.001587    | 0.06775      | 41.22         | 0.009797     | 0.01009     | 0.04102        | 0.8741                 | 0.007545     | 830.85  | -230179.301368 |
| UNFIUSDT      | 0.001356      | 0.001418    | 0.06975      | 25.67         | 0.01524      | 0.01925     | 0.02924        | 0.6673                 | 0.01144      | 891.71  | -230179.301356 |
| OMGUSDT       | 0.001352      | 0.00192     | 0.06856      | 26.38         | 0.01178      | 0.01528     | 0.03508        | 0.7885                 | 0.01451      | 1122.62 | -230179.301352 |
| SPELLUSDT     | 0.001346      | 0.001095    | 0.03966      | 80.25         | 0.009211     | 0.008626    | 0.002935       | 0.9457                 | 0.003056     | 327.5   | -230179.301346 |
| IDUSDT        | 0.001346      | 0.00196     | 0.05642      | 59.53         | 0.01151      | 0.0123      | 0.003742       | 0.9336                 | 0.005957     | 129.39  | -230179.301346 |
| MATICUSDT     | 0.001337      | 0.0012      | 0.0695       | 48.43         | 0.01491      | 0.01728     | 0.009908       | 0.8146                 | 0.008492     | 1010.71 | -230179.301337 |
| 1000LUNCUSDT  | 0.001328      | 0.002134    | 0.05685      | 56.37         | 0.008613     | 0.01749     | 0.009369       | 0.7628                 | 0.01577      | 324.46  | -230179.301328 |
| GMXUSDT       | 0.001327      | 0.001035    | 0.06058      | 42.83         | 0.01048      | 0.008806    | 0.03043        | 0.9844                 | 0.001915     | 163.39  | -230179.301327 |
| CFXUSDT       | 0.001316      | 0.001391    | 0.06332      | 49.53         | 0.0172       | 0.01955     | 0.02668        | 0.865                  | 0.01451      | 160.39  | -230179.301316 |
| ZECUSDT       | 0.001314      | 0.001275    | 0.06962      | 54.78         | 0.01226      | 0.01621     | 0.0286         | 0.664                  | 0.01373      | 1269.66 | -230179.301314 |
| ARPAUSDT      | 0.00129       | 0.001327    | 0.06087      | 51.63         | 0.01079      | 0.01087     | 0.005453       | 0.8865                 | 0.00616      | 649.85  | -230179.30129  |
| AAVEUSDT      | 0.001289      | 0.00117     | 0.06454      | 29.72         | 0.01563      | 0.01764     | 0.02505        | 0.8409                 | 0.009465     | 1016.71 | -230179.301289 |
| DOTUSDT       | 0.001285      | 0.00145     | 0.06978      | 41.42         | 0.008677     | 0.01071     | 0.02168        | 0.8548                 | 0.008224     | 1071.71 | -230179.301285 |
| IOTAUSDT      | 0.001281      | 0.001834    | 0.0691       | 71.88         | 0.007455     | 0.0115      | 0.003398       | 0.8231                 | 0.008929     | 1263.66 | -230179.301281 |
| XTZUSDT       | 0.001277      | 0.001694    | 0.06579      | 58.05         | 0.01101      | 0.01195     | 0.009831       | 0.8476                 | 0.00954      | 1268.66 | -230179.301277 |
| DARUSDT       | 0.001274      | 0.001446    | 0.04895      | 80.03         | 0.009562     | 0.01211     | 0.01626        | 0.8342                 | 0.00948      | 457.85  | -230179.301274 |
| THETAUSDT     | 0.001265      | 0.001234    | 0.06398      | 68.87         | 0.01404      | 0.01612     | 0.01188        | 0.805                  | 0.009924     | 1158.66 | -230179.301265 |
| NEOUSDT       | 0.001259      | 0.001588    | 0.06746      | 83.87         | 0.01178      | 0.01187     | 0.03886        | 0.8549                 | 0.009526     | 1258.63 | -230179.301259 |
| MKRUSDT       | 0.001255      | 0.001021    | 0.06572      | 46.22         | 0.01838      | 0.01954     | 0.0364         | 0.7702                 | 0.01119      | 1080.71 | -230179.301255 |
| SXPUSDT       | 0.001254      | 0.001197    | 0.05443      | 70.47         | 0.01977      | 0.01902     | 0.07412        | 0.8441                 | 0.007755     | 1103.62 | -230179.301254 |
| KSMUSDT       | 0.001253      | 0.001237    | 0.06945      | 71.9          | 0.01658      | 0.01725     | 0.03302        | 0.8643                 | 0.01025      | 1018.71 | -230179.301253 |
| ATAUSDT       | 0.001251      | 0.001165    | 0.06938      | 78.48         | 0.01487      | 0.01666     | 0.01965        | 0.8464                 | 0.012        | 698.85  | -230179.301251 |
| C98USDT       | 0.00125       | 0.001283    | 0.06525      | 60.77         | 0.01606      | 0.01753     | 0.0234         | 0.7729                 | 0.01285      | 705.85  | -230179.30125  |
| ARUSDT        | 0.001248      | 0.001281    | 0.06683      | 69.78         | 0.01681      | 0.01826     | 0.02819        | 0.7896                 | 0.0136       | 670.85  | -230179.301248 |
| BAKEUSDT      | 0.001226      | 0.001295    | 0.06686      | 53.87         | 0.01629      | 0.01923     | 0.06972        | 0.6283                 | 0.01666      | 802.71  | -230179.301226 |
| DASHUSDT      | 0.001221      | 0.001228    | 0.06981      | 53.67         | 0.01415      | 0.01661     | 0.02382        | 0.7058                 | 0.0131       | 1270.66 | -230179.301221 |
| DOGEUSDT      | 0.001206      | 0.001407    | 0.05509      | 77.42         | 0.01049      | 0.01767     | 0.04989        | 0.6786                 | 0.01493      | 1114.62 | -230179.301206 |
| HOOKUSDT      | 0.001201      | 0.001666    | 0.06925      | 55.17         | 0.01455      | 0.01571     | 0.02002        | 0.8791                 | 0.01088      | 188.87  | -230179.301201 |
| FTMUSDT       | 0.001198      | 0.001649    | 0.06243      | 55.02         | 0.0146       | 0.01581     | 0.01163        | 0.7586                 | 0.01118      | 1038.71 | -230179.301198 |
| QTUMUSDT      | 0.001187      | 0.001449    | 0.07         | 52.18         | 0.01408      | 0.0188      | 0.02126        | 0.7346                 | 0.01697      | 1255.66 | -230179.301187 |
| BCHUSDT       | 0.001187      | 0.001014    | 0.067        | 55.87         | 0.01312      | 0.01462     | 0.04588        | 0.8941                 | 0.0053       | 1306.0  | -230179.301187 |
| EOSUSDT       | 0.001169      | 0.001681    | 0.06833      | 75.95         | 0.009468     | 0.01193     | 0.04029        | 0.7337                 | 0.009686     | 1298.66 | -230179.301169 |
| LRCUSDT       | 0.001165      | 0.001428    | 0.06509      | 51.57         | 0.01719      | 0.0189      | 0.08937        | 0.7191                 | 0.01238      | 1013.7  | -230179.301165 |
| SOLUSDT       | 0.001165      | 0.001317    | 0.04303      | 39.62         | 0.01513      | 0.01478     | 0.0225         | 0.8954                 | 0.004536     | 1048.71 | -230179.301165 |
| LINKUSDT      | 0.001164      | 0.001178    | 0.06977      | 60.85         | 0.01426      | 0.01378     | 0.02525        | 0.8311                 | 0.008473     | 1289.66 | -230179.301164 |
| ALGOUSDT      | 0.001163      | 0.002361    | 0.06973      | 69.28         | 0.01148      | 0.01229     | 0.02387        | 0.8072                 | 0.01031      | 1138.62 | -230179.301163 |
| FLOWUSDT      | 0.00115       | 0.001081    | 0.0681       | 72.6          | 0.0126       | 0.01309     | 0.01296        | 0.9123                 | 0.006846     | 535.85  | -230179.30115  |
| DUSKUSDT      | 0.00114       | 0.001254    | 0.06976      | 52.67         | 0.01188      | 0.01286     | 0.02883        | 0.8928                 | 0.008252     | 569.85  | -230179.30114  |
| IMXUSDT       | 0.001105      | 0.00117     | 0.05133      | 88.28         | 0.0169       | 0.01734     | 0.01833        | 0.8207                 | 0.008419     | 534.85  | -230179.301105 |
| WAVESUSDT     | 0.001105      | 0.001336    | 0.06484      | 71.35         | 0.01774      | 0.01991     | 0.02099        | 0.7372                 | 0.0128       | 1081.71 | -230179.301105 |
| GALAUSDT      | 0.001065      | 0.001037    | 0.03392      | 51.12         | 0.01287      | 0.01579     | 0.004166       | 0.9342                 | 0.002852     | 680.85  | -230179.301065 |
| VETUSDT       | 0.001059      | 0.001305    | 0.0698       | 79.68         | 0.01458      | 0.01939     | 0.05817        | 0.7177                 | 0.01672      | 1261.66 | -230179.301059 |
| WOOUSDT       | 0.001053      | 0.001265    | 0.06955      | 71.53         | 0.01636      | 0.01846     | 0.01867        | 0.8596                 | 0.01072      | 478.85  | -230179.301053 |
| ZILUSDT       | 0.001046      | 0.001368    | 0.07         | 50.43         | 0.01001      | 0.0157      | 0.02467        | 0.7965                 | 0.01607      | 1136.62 | -230179.301046 |
| LTCUSDT       | 0.001015      | 0.001128    | 0.06933      | 53.88         | 0.01243      | 0.01397     | 0.05254        | 0.7688                 | 0.01103      | 1297.66 | -230179.301015 |
| APEUSDT       | 0.001009      | 0.001505    | 0.06298      | 35.82         | 0.01045      | 0.01405     | 0.03695        | 0.8283                 | 0.01229      | 500.37  | -230179.301009 |
| API3USDT      | 0.001009      | 0.001171    | 0.05423      | 91.43         | 0.01305      | 0.01511     | 0.009917       | 0.8814                 | 0.005034     | 523.85  | -230179.301009 |
| FXSUSDT       | 0.0009965     | 0.0008151   | 0.06637      | 53.45         | 0.01586      | 0.01669     | 0.03003        | 0.9227                 | 0.007977     | 191.87  | -230179.300997 |
| XMRUSDT       | 0.0009899     | 0.00102     | 0.06982      | 63.4          | 0.0108       | 0.01433     | 0.006446       | 0.8336                 | 0.0109       | 1272.66 | -230179.30099  |
| BALUSDT       | 0.000976      | 0.001159    | 0.06992      | 86.28         | 0.01753      | 0.01955     | 0.04931        | 0.8167                 | 0.01189      | 1061.71 | -230179.300976 |
| EGLDUSDT      | 0.0009686     | 0.001099    | 0.06106      | 48.3          | 0.01328      | 0.01437     | 0.04771        | 0.8434                 | 0.009775     | 1048.71 | -230179.300969 |
| TRXUSDT       | 0.0009646     | 0.001009    | 0.06953      | 54.68         | 0.01037      | 0.01059     | 0.01926        | 0.862                  | 0.006125     | 1291.66 | -230179.300965 |
| LPTUSDT       | 0.0009418     | 0.001084    | 0.05773      | 68.8          | 0.01492      | 0.01659     | 0.04041        | 0.8537                 | 0.007152     | 626.85  | -230179.300942 |
| FILUSDT       | 0.0009349     | 0.00102     | 0.06998      | 51.2          | 0.01558      | 0.01809     | 0.06282        | 0.7593                 | 0.0101       | 1016.75 | -230179.300935 |
| DYDXUSDT      | 0.0009285     | 0.001024    | 0.03348      | 58.92         | 0.01176      | 0.01178     | 0.06903        | 0.9023                 | 0.004475     | 688.85  | -230179.300929 |
| ARBUSDT       | 0.0009084     | 0.001153    | 0.06563      | 37.18         | 0.01231      | 0.01344     | 0.01391        | 0.9381                 | 0.007059     | 129.37  | -230179.300908 |
| ICPUSDT       | 0.0009011     | 0.0008229   | 0.06517      | 35.42         | 0.01388      | 0.019       | 0.04818        | 0.8037                 | 0.01662      | 306.89  | -230179.300901 |
| RUNEUSDT      | 0.0008654     | 0.0008094   | 0.05933      | 44.02         | 0.01695      | 0.01962     | 0.02127        | 0.7328                 | 0.01322      | 1058.7  | -230179.300865 |
| 1000SHIBUSDT  | 0.00086       | 0.001085    | 0.04653      | 39.58         | 0.01147      | 0.01827     | 0.05301        | 0.7276                 | 0.01615      | 811.26  | -230179.30086  |
| 1000XECUSDT   | 0.0008512     | 0.0009917   | 0.06963      | 52.18         | 0.01094      | 0.01745     | 0.08444        | 0.6026                 | 0.01635      | 681.85  | -230179.300851 |
| IOTXUSDT      | 0.0008402     | 0.0008918   | 0.05491      | 61.97         | 0.0153       | 0.01772     | 0.06567        | 0.7276                 | 0.01016      | 717.85  | -230179.30084  |
| MAGICUSDT     | 0.0008382     | 0.0009632   | 0.06725      | 54.88         | 0.01489      | 0.01706     | 0.06352        | 0.8431                 | 0.01276      | 186.87  | -230179.300838 |
| RNDRUSDT      | 0.0008355     | 0.001172    | 0.04182      | 62.05         | 0.01831      | 0.01749     | 0.01431        | 0.948                  | 0.004441     | 177.89  | -230179.300836 |
| XRPUSDT       | 0.0007878     | 0.0008146   | 0.05696      | 52.78         | 0.0144       | 0.01654     | 0.07272        | 0.7956                 | 0.01053      | 1300.65 | -230179.300788 |
| XLMUSDT       | 0.0007788     | 0.0008594   | 0.06923      | 60.95         | 0.01691      | 0.0157      | 0.06008        | 0.7931                 | 0.01117      | 1286.66 | -230179.300779 |
| JOEUSDT       | 0.0007753     | 0.001006    | 0.04538      | 59.28         | 0.01496      | 0.01535     | 0.01752        | 0.9165                 | 0.006739     | 123.49  | -230179.300775 |
| CVXUSDT       | 0.0007108     | 0.000727    | 0.06579      | 70.72         | 0.01188      | 0.01324     | 0.032          | 0.8798                 | 0.01005      | 311.49  | -230179.300711 |
| LDOUSDT       | 0.0006755     | 0.0007763   | 0.05163      | 42.8          | 0.01922      | 0.01877     | 0.07278        | 0.8563                 | 0.008763     | 311.5   | -230179.300675 |
| ADAUSDT       | 0.0006623     | 0.001101    | 0.06824      | 78.85         | 0.01387      | 0.0197      | 0.09452        | 0.7439                 | 0.01875      | 1275.66 | -230179.300662 |
| GTCUSDT       | 0.0006551     | 0.001109    | 0.05099      | 94.85         | 0.01901      | 0.01878     | 0.03379        | 0.7239                 | 0.01439      | 779.85  | -230179.300655 |
| ETHUSDT       | 0.0006419     | 0.0007047   | 0.06938      | 59.53         | 0.01241      | 0.01482     | 0.03195        | 0.862                  | 0.01037      | 1306.0  | -230179.300642 |
| FOOTBALLUSDT  | 0.0006359     | 0.0009168   | 0.04168      | 63.05         | 0.008105     | 0.008914    | 0.06815        | 0.9202                 | 0.003919     | 332.87  | -230179.300636 |
| BNBUSDT       | 0.0006095     | 0.0007029   | 0.0658       | 75.45         | 0.009578     | 0.01479     | 0.02383        | 0.8384                 | 0.01141      | 1265.66 | -230179.30061  |
| KLAYUSDT      | 0.0006098     | 0.0006439   | 0.04748      | 80.4          | 0.01334      | 0.01492     | 0.04122        | 0.8621                 | 0.007332     | 656.85  | -230179.30061  |
| ROSEUSDT      | 0.0005884     | 0.0006843   | 0.02882      | 69.15         | 0.01225      | 0.01205     | 0.01876        | 0.9661                 | 0.00174      | 576.85  | -230179.300588 |
| ETCUSDT       | 0.0005743     | 0.0008642   | 0.03479      | 37.78         | 0.008666     | 0.01378     | 0.01282        | 0.6777                 | 0.01243      | 1290.66 | -230179.300574 |
| QNTUSDT       | 0.0005732     | 0.0008505   | 0.06837      | 34.62         | 0.01055      | 0.009785    | 0.06898        | 0.9291                 | 0.007591     | 283.89  | -230179.300573 |
| AXSUSDT       | 0.0003345     | 0.0007525   | 0.0278       | 87.72         | 0.01905      | 0.01897     | 0.05716        | 0.8757                 | 0.006437     | 982.7   | -230179.300335 |
| BTCUSDT       | 0.0003104     | 0.0003727   | 0.04746      | 89.95         | 0.009264     | 0.01051     | 0.07594        | 0.9099                 | 0.006493     | 1306.0  | -230179.30031  |
| AUDIOUSDT     | 0.0002636     | 0.0004441   | 0.01935      | 88.57         | 0.0169       | 0.01668     | 0.08629        | 0.8425                 | 0.005815     | 710.85  | -230179.300264 |
| COCOSUSDT     | 0.0002071     | 0.001589    | 0.03383      | 46.35         | 0.01264      | 0.01585     | 0.04277        | 0.8579                 | 0.0103       | 159.38  | -230179.300207 |
| STGUSDT       | 0.0008391     | 0.001103    | 0.08092      | 44.13         | 0.009866     | 0.01706     | 0.03558        | 0.7768                 | 0.01788      | 339.5   | -230179.191642 |
| STXUSDT       | 0.001208      | 0.00152     | 0.09542      | 34.1          | 0.01532      | 0.01954     | 0.04632        | 0.8108                 | 0.01798      | 159.39  | -230179.047033 |
| PEOPLEUSDT    | 0.000984      | 0.0009492   | 0.04941      | 50.45         | 0.01762      | 0.02006     | 0.0625         | 0.8108                 | 0.008482     | 583.83  | -230178.652941 |
| BLUEBIRDUSDT  | 0.0007484     | 0.0007424   | 0.123        | 42.35         | 0.0131       | 0.02128     | 0.0855         | 0.8518                 | 0.02149      | 270.5   | -230165.995152 |
| INJUSDT       | 0.0005411     | 0.0007381   | 0.04424      | 41.1          | 0.01601      | 0.02361     | 0.05764        | 0.7551                 | 0.02029      | 347.88  | -230143.198804 |
| ANTUSDT       | 0.0003078     | 0.0006769   | 0.1254       | 56.53         | 0.02212      | 0.02333     | 0.2122         | 0.7666                 | 0.02173      | 580.83  | -218926.246007 |
| BTCDOMUSDT    | -0.0001004    | 0.0001878   | 0.08268      | 84.0          | 0.008534     | 0.009076    | 0.3162         | 0.9315                 | 0.006951     | 769.85  | -208556.653108 |
| USDCUSDT      | -4.554e-06    | -2.767e-05  | 0.3375       | 23.9          | 0.003299     | 0.001417    | 1.0            | 0.9967                 | 0.0009999    | 140.29  | -140176.625383 |
| OPUSDT        | -0.0005679    | 0.0007249   | 0.2151       | 42.97         | 0.03597      | 0.04568     | 0.4934         | 0.6821                 | 0.04711      | 424.41  | 30561.7673097  |
| APTUSDT       | 0.0004006     | 0.0005724   | 0.1594       | 78.67         | 0.04201      | 0.07288     | 0.4703         | 0.4096                 | 0.09564      | 284.92  | 604190.919212  |
| GMTUSDT       | 0.0001089     | 0.0008439   | 0.463        | 74.68         | 0.1406       | 0.1618      | 0.04123        | -0.4958                | 0.2962       | 502.83  | 3478963.23416  |
| MASKUSDT      | 7.116e-05     | 0.0005373   | 0.4184       | 50.73         | 0.2059       | 0.2301      | 0.08325        | -1.479                 | 0.5364       | 702.85  | 6865043.89629  |
+---------------+---------------+-------------+--------------+---------------+--------------+-------------+----------------+------------------------+--------------+---------+----------------+

