# note: symbols with little price history are not optimized on their own; instead the best config from among the symbols with more price history is chosen.

+--------------------------------------------------------------------------------------------------------------------------------------------------------------------------------------------+
|                                                                                            long                                                                                            |
+--------------+---------------+-------------+--------------+---------------+--------------+-------------+----------------+------------------------+--------------+---------+----------------+
| symbol       | adg_w_per_exp | adg_per_exp | exp_rts_mean | hrs_stuck_max | pa_dist_mean | pa_dist_std | loss_profit_rt | eqbal_rt_10_worst_mean | eqbal_rt_std | n_days  | score          |
+--------------+---------------+-------------+--------------+---------------+--------------+-------------+----------------+------------------------+--------------+---------+----------------+
| 1000SHIBUSDT | 0.001266      | 0.002293    | 0.03332      | 79.27         | 0.006932     | 0.01098     | 0.0            | 0.8417                 | 0.006778     | 784.26  | -480179.301266 |
| CHZUSDT      | 0.001417      | 0.002272    | 0.06001      | 72.73         | 0.01088      | 0.01497     | 0.0            | 0.7628                 | 0.008004     | 891.71  | -480179.301417 |
| RLCUSDT      | 0.001419      | 0.002269    | 0.06046      | 83.0          | 0.01114      | 0.01836     | 0.0            | 0.7748                 | 0.01236      | 1065.71 | -480179.301419 |
| DOGEUSDT     | 0.001141      | 0.002117    | 0.0498       | 81.75         | 0.007611     | 0.01271     | 0.0            | 0.8268                 | 0.008274     | 1086.62 | -480179.301141 |
| NKNUSDT      | 0.001587      | 0.001906    | 0.06909      | 75.38         | 0.01336      | 0.01294     | 0.0            | 0.8585                 | 0.007989     | 814.71  | -480179.301587 |
| RNDRUSDT     | 0.001569      | 0.001898    | 0.06192      | 48.67         | 0.01664      | 0.01511     | 0.0            | 0.886                  | 0.009946     | 150.89  | -480179.301569 |
| HOTUSDT      | 0.0007846     | 0.001869    | 0.02976      | 59.68         | 0.006494     | 0.007356    | 0.0            | 0.9013                 | 0.003857     | 824.71  | -480179.300785 |
| SOLUSDT      | 0.001369      | 0.001848    | 0.06905      | 65.98         | 0.01507      | 0.01438     | 0.0            | 0.8394                 | 0.009123     | 1020.71 | -480179.301369 |
| ALICEUSDT    | 0.001377      | 0.001793    | 0.0649       | 93.67         | 0.01148      | 0.01585     | 0.0            | 0.8165                 | 0.01011      | 837.87  | -480179.301377 |
| LRCUSDT      | 0.001294      | 0.001783    | 0.06015      | 74.13         | 0.01122      | 0.01086     | 0.0            | 0.9032                 | 0.005702     | 985.7   | -480179.301294 |
| RUNEUSDT     | 0.001204      | 0.00178     | 0.06923      | 86.13         | 0.01386      | 0.01627     | 0.0            | 0.7949                 | 0.01108      | 1030.7  | -480179.301204 |
| CFXUSDT      | 0.001447      | 0.001761    | 0.06127      | 48.77         | 0.01088      | 0.01335     | 0.0            | 0.9065                 | 0.009015     | 133.39  | -480179.301447 |
| ATOMUSDT     | 0.00118       | 0.001744    | 0.05574      | 91.12         | 0.008676     | 0.01408     | 0.0            | 0.768                  | 0.008269     | 1240.49 | -480179.30118  |
| COTIUSDT     | 0.0009574     | 0.001725    | 0.06852      | 43.07         | 0.01431      | 0.01167     | 0.0            | 0.8137                 | 0.006719     | 843.71  | -480179.300957 |
| HIGHUSDT     | 0.001608      | 0.00171     | 0.05107      | 32.7          | 0.00985      | 0.008623    | 0.0            | 0.9532                 | 0.003846     | 146.89  | -480179.301608 |
| MAGICUSDT    | 0.001412      | 0.001692    | 0.06236      | 43.05         | 0.01782      | 0.01434     | 0.0            | 0.9167                 | 0.008855     | 159.87  | -480179.301412 |
| CTKUSDT      | 0.0008512     | 0.001659    | 0.06625      | 95.93         | 0.0111       | 0.01296     | 0.0            | 0.8251                 | 0.007662     | 954.71  | -480179.300851 |
| MANAUSDT     | 0.001007      | 0.001648    | 0.04392      | 35.05         | 0.008245     | 0.007032    | 0.0            | 0.8869                 | 0.004017     | 838.71  | -480179.301007 |
| FETUSDT      | 0.001427      | 0.001629    | 0.06537      | 27.62         | 0.01298      | 0.01013     | 0.0            | 0.9458                 | 0.004588     | 167.89  | -480179.301427 |
| DOTUSDT      | 0.001109      | 0.001603    | 0.06657      | 64.68         | 0.009446     | 0.01028     | 0.0            | 0.8219                 | 0.00719      | 1043.71 | -480179.301109 |
| IMXUSDT      | 0.0009962     | 0.001596    | 0.04016      | 41.42         | 0.008696     | 0.008659    | 0.0            | 0.9033                 | 0.004728     | 507.85  | -480179.300996 |
| TOMOUSDT     | 0.001589      | 0.001591    | 0.06737      | 81.25         | 0.01646      | 0.01686     | 0.0            | 0.796                  | 0.01063      | 992.71  | -480179.301589 |
| STXUSDT      | 0.001234      | 0.001569    | 0.06233      | 66.1          | 0.01231      | 0.01292     | 0.0            | 0.904                  | 0.007978     | 132.39  | -480179.301234 |
| OCEANUSDT    | 0.001336      | 0.001565    | 0.06949      | 80.43         | 0.01495      | 0.01446     | 0.0            | 0.819                  | 0.008502     | 970.71  | -480179.301336 |
| RVNUSDT      | 0.0008463     | 0.00153     | 0.04287      | 56.75         | 0.008638     | 0.01375     | 0.0            | 0.7801                 | 0.007755     | 858.71  | -480179.300846 |
| YFIUSDT      | 0.0008002     | 0.001498    | 0.05219      | 83.73         | 0.008562     | 0.008798    | 0.0            | 0.8718                 | 0.006676     | 1034.71 | -480179.3008   |
| INJUSDT      | 0.001407      | 0.001486    | 0.05293      | 20.62         | 0.01433      | 0.01133     | 0.0            | 0.9437                 | 0.004087     | 320.88  | -480179.301407 |
| BLURUSDT     | 0.001276      | 0.001474    | 0.03734      | 32.52         | 0.007328     | 0.006759    | 0.0            | 0.9884                 | 0.001337     | 66.5    | -480179.301276 |
| ONEUSDT      | 0.0001454     | 0.001454    | 0.9916       | 4024.0        | 10.33        | 10.37       | 0.0            | 0.03503                | 0.2804       | 836.71  | 3295913.96181  |
| 1000LUNCUSDT | 0.001265      | 0.001434    | 0.0686       | 48.57         | 0.01359      | 0.0125      | 0.0            | 0.8798                 | 0.006075     | 297.46  | -480179.301265 |
| APTUSDT      | 0.001137      | 0.001426    | 0.06808      | 46.98         | 0.01555      | 0.01233     | 0.0            | 0.9347                 | 0.005962     | 257.92  | -480179.301137 |
| MATICUSDT    | 0.0006926     | 0.001403    | 0.03161      | 62.22         | 0.009335     | 0.01341     | 0.0            | 0.7691                 | 0.007276     | 982.71  | -480179.300693 |
| MINAUSDT     | 0.001091      | 0.001376    | 0.05934      | 36.02         | 0.01254      | 0.01133     | 0.0            | 0.9257                 | 0.005362     | 146.54  | -480179.301091 |
| CRVUSDT      | 0.001291      | 0.001369    | 0.05551      | 79.65         | 0.01314      | 0.0182      | 0.0            | 0.8                    | 0.01024      | 1033.71 | -480179.301291 |
| PHBUSDT      | 0.0009134     | 0.001357    | 0.05589      | 41.85         | 0.008952     | 0.008875    | 0.0            | 0.9238                 | 0.00533      | 137.39  | -480179.300913 |
| OPUSDT       | 0.0009735     | 0.001356    | 0.06329      | 89.33         | 0.01349      | 0.01678     | 0.0            | 0.816                  | 0.01242      | 397.41  | -480179.300974 |
| SUSHIUSDT    | 0.000713      | 0.001353    | 0.03344      | 66.72         | 0.0112       | 0.0169      | 0.0            | 0.7695                 | 0.00946      | 1030.71 | -480179.300713 |
| ARBUSDT      | 0.001085      | 0.001351    | 0.04108      | 53.88         | 0.007412     | 0.006901    | 0.0            | 0.9812                 | 0.00152      | 102.37  | -480179.301085 |
| EDUUSDT      | 0.001883      | 0.001337    | 0.04979      | 34.42         | 0.01296      | 0.01351     | 0.0            | 0.9797                 | 0.002444     | 64.5    | -480179.301883 |
| RSRUSDT      | 0.0009347     | 0.001331    | 0.02995      | 51.82         | 0.01094      | 0.01021     | 0.0            | 0.9029                 | 0.003818     | 985.7   | -480179.300935 |
| CELRUSDT     | 0.001008      | 0.001329    | 0.06063      | 66.23         | 0.01658      | 0.01359     | 0.0            | 0.9129                 | 0.005077     | 825.71  | -480179.301008 |
| HBARUSDT     | 0.000783      | 0.001313    | 0.05804      | 70.52         | 0.009283     | 0.008403    | 0.0            | 0.9051                 | 0.004961     | 837.71  | -480179.300783 |
| HFTUSDT      | 0.0009068     | 0.0013      | 0.05951      | 23.27         | 0.01439      | 0.01421     | 0.0            | 0.9727                 | 0.002776     | 88.5    | -480179.300907 |
| MTLUSDT      | 0.001171      | 0.00129     | 0.06774      | 90.88         | 0.01747      | 0.0186      | 0.0            | 0.8587                 | 0.007798     | 823.71  | -480179.301171 |
| THETAUSDT    | 0.0009527     | 0.001283    | 0.05282      | 91.15         | 0.01177      | 0.01061     | 0.0            | 0.9041                 | 0.005254     | 1130.66 | -480179.300953 |
| ALGOUSDT     | 0.000973      | 0.001269    | 0.04743      | 87.23         | 0.0115       | 0.01069     | 0.0            | 0.8963                 | 0.004807     | 1110.62 | -480179.300973 |
| XMRUSDT      | 0.001084      | 0.001267    | 0.06989      | 91.58         | 0.009878     | 0.00957     | 0.0            | 0.9027                 | 0.00468      | 1244.66 | -480179.301084 |
| LQTYUSDT     | 0.001259      | 0.001256    | 0.06618      | 40.65         | 0.01286      | 0.01338     | 0.0            | 0.9671                 | 0.003816     | 115.5   | -480179.301259 |
| RDNTUSDT     | 0.0009087     | 0.001254    | 0.06859      | 33.1          | 0.01231      | 0.01307     | 0.0            | 0.9635                 | 0.004143     | 89.5    | -480179.300909 |
| AVAXUSDT     | 0.0006813     | 0.001251    | 0.05139      | 59.42         | 0.01205      | 0.01        | 0.0            | 0.8762                 | 0.00519      | 1011.71 | -480179.300681 |
| BELUSDT      | 0.001309      | 0.001231    | 0.06161      | 93.07         | 0.0192       | 0.01998     | 0.0            | 0.8614                 | 0.008655     | 955.71  | -480179.301309 |
| BANDUSDT     | 0.0009728     | 0.001227    | 0.04915      | 93.32         | 0.01233      | 0.01302     | 0.0            | 0.8547                 | 0.00761      | 1067.71 | -480179.300973 |
| UNFIUSDT     | 0.00119       | 0.001224    | 0.04957      | 62.3          | 0.01531      | 0.01656     | 0.0            | 0.8757                 | 0.006406     | 862.71  | -480179.30119  |
| ANKRUSDT     | 0.0008179     | 0.001194    | 0.05118      | 86.18         | 0.007485     | 0.009284    | 0.0            | 0.875                  | 0.007394     | 886.71  | -480179.300818 |
| LINKUSDT     | 0.0007615     | 0.00119     | 0.06637      | 94.85         | 0.01246      | 0.0172      | 0.0            | 0.7581                 | 0.01236      | 1261.66 | -480179.300761 |
| DENTUSDT     | 0.0008302     | 0.001178    | 0.04702      | 67.65         | 0.01213      | 0.01239     | 0.0            | 0.8426                 | 0.006409     | 830.83  | -480179.30083  |
| LDOUSDT      | 0.0009826     | 0.001178    | 0.06092      | 27.18         | 0.01673      | 0.01259     | 0.0            | 0.9553                 | 0.003871     | 284.5   | -480179.300983 |
| XRPUSDT      | 0.0007959     | 0.00117     | 0.06999      | 87.1          | 0.01152      | 0.01169     | 0.0            | 0.9037                 | 0.004448     | 1272.65 | -480179.300796 |
| EGLDUSDT     | 0.0006319     | 0.001169    | 0.0571       | 90.37         | 0.01192      | 0.01177     | 0.0            | 0.8477                 | 0.008092     | 1020.71 | -480179.300632 |
| IDUSDT       | 0.001332      | 0.001158    | 0.04888      | 64.72         | 0.01306      | 0.009593    | 0.0            | 0.97                   | 0.002851     | 102.39  | -480179.301332 |
| COMPUSDT     | 0.0009107     | 0.001144    | 0.06501      | 95.35         | 0.01632      | 0.01605     | 0.0            | 0.8247                 | 0.01061      | 1096.62 | -480179.300911 |
| ASTRUSDT     | 0.0008871     | 0.001064    | 0.06563      | 45.17         | 0.008422     | 0.008726    | 0.0            | 0.9634                 | 0.003839     | 139.89  | -480179.300887 |
| BLZUSDT      | 0.001017      | 0.001043    | 0.05043      | 82.15         | 0.01422      | 0.01808     | 0.0            | 0.7767                 | 0.009562     | 1017.7  | -480179.301017 |
| PEOPLEUSDT   | 0.0005778     | 0.00104     | 0.01756      | 49.58         | 0.01073      | 0.009718    | 0.0            | 0.9365                 | 0.002161     | 556.83  | -480179.300578 |
| HOOKUSDT     | 0.0008819     | 0.001037    | 0.0424       | 15.4          | 0.01386      | 0.01153     | 0.0            | 0.965                  | 0.002431     | 161.87  | -480179.300882 |
| SPELLUSDT    | 0.001021      | 0.001036    | 0.05036      | 26.77         | 0.008091     | 0.007624    | 0.0            | 0.9691                 | 0.002302     | 300.5   | -480179.301021 |
| WAVESUSDT    | 0.0007719     | 0.001035    | 0.04697      | 95.53         | 0.01415      | 0.01608     | 0.0            | 0.791                  | 0.009489     | 1053.71 | -480179.300772 |
| ALPHAUSDT    | 0.0007894     | 0.001016    | 0.04659      | 95.97         | 0.0182       | 0.01809     | 0.0            | 0.8015                 | 0.009182     | 950.71  | -480179.300789 |
| ACHUSDT      | 0.0008442     | 0.00101     | 0.04915      | 28.83         | 0.01872      | 0.01541     | 0.0            | 0.9372                 | 0.005345     | 131.39  | -480179.300844 |
| QNTUSDT      | 0.0008889     | 0.001009    | 0.06095      | 77.18         | 0.008352     | 0.007314    | 0.0            | 0.9554                 | 0.004437     | 256.89  | -480179.300889 |
| BNXUSDT      | 0.0008099     | 0.0009976   | 0.06832      | 28.82         | 0.01227      | 0.01056     | 0.0            | 0.9477                 | 0.004961     | 131.38  | -480179.30081  |
| DUSKUSDT     | 0.0007419     | 0.0009969   | 0.05692      | 54.18         | 0.01696      | 0.01465     | 0.0            | 0.9175                 | 0.005761     | 542.85  | -480179.300742 |
| APEUSDT      | 0.0007792     | 0.0009864   | 0.04818      | 60.95         | 0.01253      | 0.01129     | 0.0            | 0.9593                 | 0.00236      | 473.37  | -480179.300779 |
| ZILUSDT      | 0.0006006     | 0.0009676   | 0.02807      | 63.1          | 0.01134      | 0.01336     | 0.0            | 0.8286                 | 0.006727     | 1108.62 | -480179.300601 |
| COCOSUSDT    | 0.0002085     | 0.0009645   | 0.04494      | 38.87         | 0.01391      | 0.01038     | 0.0            | 0.9645                 | 0.003163     | 132.38  | -480179.300209 |
| ENJUSDT      | 0.001083      | 0.0009496   | 0.07         | 70.73         | 0.01936      | 0.01986     | 0.0            | 0.8691                 | 0.006674     | 1005.71 | -480179.301083 |
| AAVEUSDT     | 0.0007712     | 0.0009408   | 0.05137      | 91.77         | 0.01938      | 0.01874     | 0.0            | 0.8601                 | 0.005987     | 988.71  | -480179.300771 |
| ZRXUSDT      | 0.0006684     | 0.0009394   | 0.04491      | 78.92         | 0.01163      | 0.01288     | 0.0            | 0.8658                 | 0.00776      | 1102.62 | -480179.300668 |
| XLMUSDT      | 0.0008956     | 0.0009336   | 0.06901      | 52.12         | 0.01404      | 0.01676     | 0.0            | 0.83                   | 0.005839     | 1258.66 | -480179.300896 |
| OMGUSDT      | 0.0007601     | 0.0009307   | 0.04867      | 87.33         | 0.01672      | 0.01856     | 0.0            | 0.7664                 | 0.01093      | 1094.62 | -480179.30076  |
| CHRUSDT      | 0.0008474     | 0.0009245   | 0.06161      | 88.68         | 0.01978      | 0.01834     | 0.0            | 0.8874                 | 0.007054     | 841.71  | -480179.300847 |
| GRTUSDT      | 0.0007694     | 0.0009241   | 0.03504      | 59.28         | 0.01492      | 0.01435     | 0.0            | 0.8012                 | 0.006022     | 924.71  | -480179.300769 |
| AGIXUSDT     | 0.0006369     | 0.0009143   | 0.06935      | 53.93         | 0.01857      | 0.01667     | 0.0            | 0.9348                 | 0.00624      | 137.4   | -480179.300637 |
| DEFIUSDT     | 0.0007431     | 0.0009039   | 0.06112      | 68.07         | 0.01466      | 0.01413     | 0.0            | 0.8731                 | 0.005495     | 1037.71 | -480179.300743 |
| SFPUSDT      | 0.00102       | 0.0008849   | 0.05511      | 52.73         | 0.01919      | 0.01942     | 0.0            | 0.8596                 | 0.005734     | 857.71  | -480179.30102  |
| FTMUSDT      | 0.0006602     | 0.0008788   | 0.03577      | 50.67         | 0.0191       | 0.01753     | 0.0            | 0.788                  | 0.007619     | 1010.71 | -480179.30066  |
| TUSDT        | 0.000862      | 0.0008785   | 0.04032      | 27.62         | 0.009767     | 0.008911    | 0.0            | 0.967                  | 0.002348     | 152.46  | -480179.300862 |
| ETHUSDT      | 0.0008644     | 0.0008577   | 0.06995      | 69.48         | 0.01404      | 0.01503     | 0.0            | 0.8041                 | 0.006431     | 1278.0  | -480179.300864 |
| SNXUSDT      | 0.000689      | 0.0008571   | 0.03387      | 63.67         | 0.01617      | 0.01377     | 0.0            | 0.8878                 | 0.005467     | 1051.7  | -480179.300689 |
| AMBUSDT      | 0.0008285     | 0.0008563   | 0.05883      | 41.4          | 0.01611      | 0.01284     | 0.0            | 0.9384                 | 0.005579     | 95.5    | -480179.300828 |
| EOSUSDT      | 0.000666      | 0.0008539   | 0.06829      | 94.97         | 0.01317      | 0.01249     | 0.0            | 0.9126                 | 0.005263     | 1270.66 | -480179.300666 |
| ZENUSDT      | 0.0008186     | 0.0008538   | 0.05967      | 95.65         | 0.01731      | 0.01869     | 0.0            | 0.8225                 | 0.009542     | 949.71  | -480179.300819 |
| API3USDT     | 0.0005952     | 0.0008495   | 0.06287      | 71.35         | 0.01635      | 0.01439     | 0.0            | 0.9174                 | 0.005511     | 496.85  | -480179.300595 |
| GMXUSDT      | 0.0006127     | 0.0008488   | 0.06236      | 22.18         | 0.01439      | 0.01303     | 0.0            | 0.9696                 | 0.002745     | 136.39  | -480179.300613 |
| CKBUSDT      | 0.0006394     | 0.0008417   | 0.04509      | 48.82         | 0.01005      | 0.009305    | 0.0            | 0.9506                 | 0.004209     | 125.5   | -480179.300639 |
| MKRUSDT      | 0.0008652     | 0.0008351   | 0.05684      | 75.37         | 0.01687      | 0.01679     | 0.0            | 0.8494                 | 0.006972     | 1052.71 | -480179.300865 |
| ANTUSDT      | 0.0006556     | 0.0008324   | 0.0311       | 68.25         | 0.01858      | 0.01783     | 0.0            | 0.9605                 | 0.002027     | 553.83  | -480179.300656 |
| ENSUSDT      | 0.0006347     | 0.0008226   | 0.04914      | 82.18         | 0.01452      | 0.01334     | 0.0            | 0.8916                 | 0.006472     | 580.85  | -480179.300635 |
| LTCUSDT      | 0.0007508     | 0.0008214   | 0.06782      | 90.7          | 0.0156       | 0.01829     | 0.0            | 0.8073                 | 0.01023      | 1269.66 | -480179.300751 |
| ZECUSDT      | 0.0009063     | 0.0008197   | 0.05802      | 77.1          | 0.0176       | 0.01781     | 0.0            | 0.889                  | 0.006686     | 1242.66 | -480179.300906 |
| DGBUSDT      | 0.0006086     | 0.000812    | 0.06979      | 90.8          | 0.01805      | 0.01765     | 0.0            | 0.8333                 | 0.009314     | 802.85  | -480179.300609 |
| UNIUSDT      | 0.001         | 0.0008106   | 0.06142      | 82.63         | 0.01929      | 0.01921     | 0.0            | 0.8964                 | 0.006257     | 1016.71 | -480179.301    |
| ICXUSDT      | 0.0006361     | 0.0008018   | 0.03377      | 74.97         | 0.01502      | 0.01305     | 0.0            | 0.9034                 | 0.004509     | 1019.71 | -480179.300636 |
| JASMYUSDT    | 0.0006891     | 0.0007963   | 0.04447      | 25.58         | 0.01788      | 0.01612     | 0.0            | 0.965                  | 0.002582     | 439.85  | -480179.300689 |
| FXSUSDT      | 0.0007252     | 0.0007947   | 0.05241      | 36.18         | 0.01753      | 0.01383     | 0.0            | 0.9665                 | 0.003323     | 164.87  | -480179.300725 |
| AXSUSDT      | 0.000657      | 0.0007891   | 0.03292      | 62.6          | 0.01726      | 0.01612     | 0.0            | 0.9463                 | 0.002608     | 953.7   | -480179.300657 |
| DYDXUSDT     | 0.0006403     | 0.0007799   | 0.03048      | 47.25         | 0.0176       | 0.01586     | 0.0            | 0.9602                 | 0.00218      | 661.85  | -480179.30064  |
| ETCUSDT      | 0.0005667     | 0.0007742   | 0.06083      | 80.62         | 0.01474      | 0.01545     | 0.0            | 0.8342                 | 0.008707     | 1262.66 | -480179.300567 |
| SANDUSDT     | 0.0005552     | 0.0007706   | 0.05217      | 73.7          | 0.01994      | 0.01711     | 0.0            | 0.8876                 | 0.007218     | 887.71  | -480179.300555 |
| ARPAUSDT     | 0.0007404     | 0.0007704   | 0.05239      | 50.57         | 0.01742      | 0.01644     | 0.0            | 0.9108                 | 0.005524     | 622.85  | -480179.30074  |
| IOSTUSDT     | 0.0007096     | 0.0007686   | 0.06278      | 95.87         | 0.0176       | 0.0175      | 0.0            | 0.8592                 | 0.008386     | 1226.66 | -480179.30071  |
| SKLUSDT      | 0.0006497     | 0.0007662   | 0.05413      | 94.17         | 0.01833      | 0.01649     | 0.0            | 0.9014                 | 0.005529     | 935.68  | -480179.30065  |
| TLMUSDT      | 0.0007593     | 0.000759    | 0.06013      | 42.92         | 0.008732     | 0.008226    | 0.0            | 0.9639                 | 0.004043     | 95.48   | -480179.300759 |
| XVSUSDT      | 0.0006721     | 0.0007443   | 0.06194      | 41.37         | 0.01604      | 0.01523     | 0.0            | 0.9253                 | 0.008463     | 81.89   | -480179.300672 |
| DARUSDT      | 0.0005256     | 0.000722    | 0.04833      | 70.15         | 0.01381      | 0.0122      | 0.0            | 0.9266                 | 0.004893     | 430.85  | -480179.300526 |
| CTSIUSDT     | 0.0007042     | 0.0007218   | 0.04688      | 76.02         | 0.01812      | 0.01752     | 0.0            | 0.9291                 | 0.003789     | 615.85  | -480179.300704 |
| ONTUSDT      | 0.0005169     | 0.0007155   | 0.06635      | 93.42         | 0.01947      | 0.01779     | 0.0            | 0.8726                 | 0.00819      | 1236.66 | -480179.300517 |
| TRXUSDT      | 0.0008062     | 0.0007125   | 0.06998      | 49.85         | 0.01205      | 0.01455     | 0.0            | 0.8664                 | 0.004257     | 1263.66 | -480179.300806 |
| XTZUSDT      | 0.0006047     | 0.0007056   | 0.05207      | 80.23         | 0.01701      | 0.01577     | 0.0            | 0.8405                 | 0.005418     | 1241.66 | -480179.300605 |
| DASHUSDT     | 0.0006741     | 0.0007011   | 0.05121      | 93.03         | 0.0166       | 0.01695     | 0.0            | 0.8393                 | 0.005627     | 1243.66 | -480179.300674 |
| GALUSDT      | 0.0004185     | 0.000696    | 0.04639      | 52.3          | 0.0185       | 0.01512     | 0.0            | 0.9442                 | 0.004055     | 424.41  | -480179.300418 |
| OGNUSDT      | 0.0006122     | 0.0006929   | 0.05663      | 52.53         | 0.03016      | 0.02811     | 0.0            | 0.8822                 | 0.007171     | 822.71  | -480088.00544  |
| VETUSDT      | 0.0006811     | 0.0006903   | 0.03872      | 92.05         | 0.01675      | 0.01611     | 0.0            | 0.8478                 | 0.004799     | 1233.66 | -480179.300681 |
| RENUSDT      | 0.0006328     | 0.0006891   | 0.04022      | 72.0          | 0.01914      | 0.0172      | 0.0            | 0.8129                 | 0.007505     | 991.71  | -480179.300633 |
| SSVUSDT      | 0.0006956     | 0.0006833   | 0.02908      | 26.3          | 0.01693      | 0.01462     | 0.0            | 0.9789                 | 0.001807     | 129.5   | -480179.300696 |
| BATUSDT      | 0.0004972     | 0.0006741   | 0.04307      | 88.73         | 0.0144       | 0.01343     | 0.0            | 0.8427                 | 0.00578      | 1234.66 | -480179.300497 |
| TRUUSDT      | 0.0004561     | 0.0006543   | 0.04162      | 53.25         | 0.0199       | 0.01741     | 0.0            | 0.9359                 | 0.00553      | 118.5   | -480179.300456 |
| ARUSDT       | 0.0004697     | 0.0006532   | 0.04374      | 68.48         | 0.02018      | 0.01686     | 0.0            | 0.8668                 | 0.006167     | 643.85  | -480179.122958 |
| BLUEBIRDUSDT | 0.0006088     | 0.0006512   | 0.04531      | 61.8          | 0.005939     | 0.006683    | 0.0            | 0.9701                 | 0.002019     | 243.5   | -480179.300609 |
| PERPUSDT     | 0.0004412     | 0.0006443   | 0.04416      | 30.82         | 0.009485     | 0.008397    | 0.0            | 0.9527                 | 0.00374      | 119.5   | -480179.300441 |
| WOOUSDT      | 0.0005818     | 0.0006345   | 0.02997      | 44.32         | 0.01709      | 0.01754     | 0.0            | 0.8222                 | 0.00726      | 451.85  | -480179.300582 |
| REEFUSDT     | 0.0005608     | 0.000634    | 0.03399      | 60.93         | 0.01528      | 0.0147      | 0.0            | 0.8941                 | 0.004014     | 859.7   | -480179.300561 |
| FOOTBALLUSDT | 0.0006701     | 0.0006317   | 0.04797      | 54.93         | 0.01275      | 0.01349     | 0.0            | 0.9654                 | 0.002378     | 305.87  | -480179.30067  |
| 1INCHUSDT    | 0.0003898     | 0.0006293   | 0.03427      | 42.5          | 0.01747      | 0.01581     | 0.0            | 0.8733                 | 0.004954     | 918.58  | -480179.30039  |
| NEARUSDT     | 0.0004538     | 0.0006287   | 0.04182      | 88.1          | 0.01915      | 0.01601     | 0.0            | 0.8865                 | 0.006601     | 989.66  | -480179.300454 |
| NEOUSDT      | 0.0005437     | 0.000624    | 0.03659      | 74.02         | 0.01508      | 0.01728     | 0.0            | 0.7581                 | 0.00757      | 1230.63 | -480179.300544 |
| ADAUSDT      | 0.0005067     | 0.0006204   | 0.06987      | 79.3          | 0.01934      | 0.01768     | 0.0            | 0.8565                 | 0.008081     | 1247.66 | -480179.300507 |
| TRBUSDT      | 0.0004869     | 0.0006199   | 0.03301      | 95.62         | 0.01765      | 0.0162      | 0.0            | 0.9132                 | 0.004264     | 1031.71 | -480179.300487 |
| ROSEUSDT     | 0.0003721     | 0.0006034   | 0.02398      | 57.15         | 0.007422     | 0.01119     | 0.0            | 0.86                   | 0.00632      | 549.85  | -480179.300372 |
| XEMUSDT      | 0.0004007     | 0.0005972   | 0.03033      | 49.93         | 0.007825     | 0.01101     | 0.0            | 0.8426                 | 0.00625      | 850.71  | -480179.300401 |
| QTUMUSDT     | 0.0004941     | 0.0005935   | 0.04072      | 56.67         | 0.01823      | 0.01598     | 0.0            | 0.9213                 | 0.003641     | 1227.66 | -480179.300494 |
| LUNA2USDT    | 0.0006047     | 0.0005881   | 0.05087      | 92.98         | 0.01292      | 0.01388     | 0.0            | 0.8637                 | 0.006407     | 296.87  | -480179.300605 |
| ICPUSDT      | 0.0005618     | 0.0005844   | 0.0293       | 54.32         | 0.007551     | 0.007064    | 0.0            | 0.9496                 | 0.003114     | 279.89  | -480179.300562 |
| LEVERUSDT    | 0.0005455     | 0.0005736   | 0.04281      | 19.62         | 0.01318      | 0.01188     | 0.0            | 0.9801                 | 0.001999     | 95.49   | -480179.300546 |
| BCHUSDT      | 0.0004392     | 0.0005539   | 0.0533       | 68.85         | 0.0169       | 0.01429     | 0.0            | 0.8601                 | 0.005022     | 1278.0  | -480179.300439 |
| CVXUSDT      | 0.000574      | 0.0005471   | 0.06728      | 72.2          | 0.01331      | 0.01348     | 0.0            | 0.9175                 | 0.007359     | 284.49  | -480179.300574 |
| STMXUSDT     | 0.0004553     | 0.0005409   | 0.0408       | 82.57         | 0.01869      | 0.01775     | 0.0            | 0.8939                 | 0.005215     | 832.71  | -480179.300455 |
| ATAUSDT      | 0.0004426     | 0.0005347   | 0.04057      | 64.33         | 0.01774      | 0.01486     | 0.0            | 0.9371                 | 0.003383     | 671.85  | -480179.300443 |
| CELOUSDT     | 0.0005074     | 0.0005237   | 0.0485       | 35.37         | 0.01854      | 0.01637     | 0.0            | 0.9227                 | 0.004554     | 644.85  | -480179.300507 |
| LPTUSDT      | 0.0004085     | 0.0005225   | 0.03558      | 44.1          | 0.01847      | 0.0158      | 0.0            | 0.8965                 | 0.004649     | 599.85  | -480179.300409 |
| KAVAUSDT     | 0.0003918     | 0.0004759   | 0.04623      | 59.2          | 0.03041      | 0.02669     | 0.0            | 0.855                  | 0.007081     | 1068.7  | -480102.018547 |
| KSMUSDT      | 0.0003082     | 0.0004705   | 0.0306       | 69.02         | 0.01827      | 0.01514     | 0.0            | 0.9015                 | 0.004148     | 990.71  | -480179.300308 |
| BNBUSDT      | 0.0003739     | 0.0004626   | 0.06946      | 49.9          | 0.01875      | 0.01753     | 0.0            | 0.8885                 | 0.006239     | 1237.66 | -480179.300374 |
| STGUSDT      | 0.0003359     | 0.0004596   | 0.04942      | 71.6          | 0.01843      | 0.01542     | 0.0            | 0.9253                 | 0.005496     | 312.5   | -480179.300336 |
| SXPUSDT      | 0.0002566     | 0.0004437   | 0.02046      | 74.1          | 0.01678      | 0.01447     | 0.0            | 0.9015                 | 0.004904     | 1075.62 | -480179.300257 |
| FLOWUSDT     | 0.0003214     | 0.0004067   | 0.04419      | 90.92         | 0.01847      | 0.01883     | 0.0            | 0.8581                 | 0.009741     | 508.85  | -480179.300321 |
| JOEUSDT      | 0.000262      | 0.0004034   | 0.04002      | 42.97         | 0.01896      | 0.01589     | 0.0            | 0.9586                 | 0.004941     | 96.49   | -480179.300262 |
| 1000XECUSDT  | 0.0002895     | 0.000401    | 0.04972      | 75.68         | 0.01587      | 0.01485     | 0.0            | 0.9029                 | 0.006316     | 654.85  | -480179.300289 |
| BTCUSDT      | 0.0003883     | 0.0004009   | 0.06939      | 82.78         | 0.01772      | 0.01929     | 0.0            | 0.8266                 | 0.006111     | 1278.0  | -480179.300388 |
| KNCUSDT      | 0.0003919     | 0.0003863   | 0.06074      | 51.97         | 0.05088      | 0.05764     | 0.0            | 0.751                  | 0.01213      | 1104.63 | -479772.045257 |
| IOTAUSDT     | 0.0002554     | 0.0003861   | 0.04311      | 93.3          | 0.01828      | 0.01568     | 0.0            | 0.8349                 | 0.007343     | 1235.66 | -480179.300255 |
| GMTUSDT      | 0.0002661     | 0.0003792   | 0.02551      | 87.88         | 0.0163       | 0.01564     | 0.0            | 0.8985                 | 0.006754     | 475.83  | -480179.300266 |
| FILUSDT      | 0.0003461     | 0.0003534   | 0.03057      | 59.55         | 0.0159       | 0.01936     | 0.0            | 0.9123                 | 0.003771     | 988.75  | -480179.300346 |
| C98USDT      | 0.0002603     | 0.0003513   | 0.02104      | 56.25         | 0.01639      | 0.01324     | 0.0            | 0.9366                 | 0.002715     | 678.85  | -480179.30026  |
| LITUSDT      | 0.0002893     | 0.0003355   | 0.03093      | 95.08         | 0.02263      | 0.02209     | 0.0            | 0.9401                 | 0.004077     | 863.71  | -480155.766215 |
| LINAUSDT     | 0.0002991     | 0.0003278   | 0.02227      | 65.87         | 0.02394      | 0.01872     | 0.0            | 0.9252                 | 0.003341     | 835.71  | -480175.362171 |
| MASKUSDT     | 0.000222      | 0.0003236   | 0.02438      | 60.12         | 0.02447      | 0.01886     | 0.0            | 0.9043                 | 0.004502     | 675.85  | -480174.831646 |
| FLMUSDT      | 0.0001957     | 0.0003216   | 0.02218      | 61.07         | 0.02051      | 0.01632     | 0.0            | 0.9025                 | 0.00338      | 1005.71 | -480178.786417 |
| BAKEUSDT     | 0.0002786     | 0.0003146   | 0.04765      | 208.3         | 0.02292      | 0.02749     | 0.0            | 0.7689                 | 0.01373      | 775.71  | -468866.512303 |
| GTCUSDT      | 0.0002239     | 0.0003056   | 0.02605      | 59.72         | 0.0242       | 0.01951     | 0.0            | 0.9234                 | 0.003815     | 752.85  | -480175.105207 |
| IOTXUSDT     | 0.0002611     | 0.0002952   | 0.03415      | 94.28         | 0.01938      | 0.02019     | 0.0            | 0.9261                 | 0.004799     | 690.85  | -480177.354121 |
| AUDIOUSDT    | 0.0001775     | 0.0002684   | 0.02274      | 67.57         | 0.01973      | 0.01552     | 0.0            | 0.9069                 | 0.003648     | 683.85  | -480179.300177 |
| BALUSDT      | 0.0001721     | 0.000242    | 0.0384       | 75.43         | 0.02253      | 0.02085     | 0.0            | 0.8368                 | 0.008156     | 1033.71 | -480168.236069 |
| STORJUSDT    | 0.0001332     | 0.0001625   | 0.04308      | 95.3          | 0.03151      | 0.02503     | 0.0            | 0.8563                 | 0.008628     | 1018.7  | -480117.488177 |
| GALAUSDT     | 0.0001101     | 0.00016     | 0.04222      | 52.95         | 0.03197      | 0.02437     | 0.0            | 0.9062                 | 0.006548     | 653.85  | -480123.676405 |
| BTCDOMUSDT   | 0.0001148     | 0.0001419   | 0.06692      | 15.07         | 0.01094      | 0.009836    | 0.0            | 0.9709                 | 0.003182     | 742.85  | -480179.300115 |
| KLAYUSDT     | 6.744e-05     | 8.221e-05   | 0.1112       | 868.9         | 0.03593      | 0.03614     | 0.0            | 0.7998                 | 0.02794      | 629.85  | -373328.837892 |
| USDCUSDT     | 3.134e-08     | 3.134e-07   | 6.19e-06     | 0.6333        | 0.002363     | 0.0         | 0.0            | 1.0                    | 7.646e-07    | 113.29  | -480179.3      |
+--------------+---------------+-------------+--------------+---------------+--------------+-------------+----------------+------------------------+--------------+---------+----------------+

+--------------------------------------------------------------------------------------------------------------------------------------------------------------------------------------------+
|                                                                                           short                                                                                            |
+--------------+---------------+-------------+--------------+---------------+--------------+-------------+----------------+------------------------+--------------+---------+----------------+
| symbol       | adg_w_per_exp | adg_per_exp | exp_rts_mean | hrs_stuck_max | pa_dist_mean | pa_dist_std | loss_profit_rt | eqbal_rt_10_worst_mean | eqbal_rt_std | n_days  | score          |
+--------------+---------------+-------------+--------------+---------------+--------------+-------------+----------------+------------------------+--------------+---------+----------------+
| ANKRUSDT     | 0.001826      | 0.002716    | 0.06985      | 86.55         | 0.01198      | 0.0135      | 0.0            | 0.8143                 | 0.01052      | 886.71  | -230179.301826 |
| TRBUSDT      | 0.001954      | 0.002606    | 0.06991      | 81.65         | 0.01552      | 0.0165      | 0.0            | 0.7315                 | 0.0123       | 1031.71 | -230179.301954 |
| CELRUSDT     | 0.001882      | 0.002387    | 0.06954      | 58.78         | 0.01203      | 0.01235     | 0.0            | 0.8451                 | 0.008845     | 825.71  | -230179.301882 |
| CHZUSDT      | 0.002398      | 0.002286    | 0.06886      | 78.68         | 0.007763     | 0.008238    | 0.0            | 0.9335                 | 0.003768     | 891.71  | -230179.302398 |
| SKLUSDT      | 0.001692      | 0.002153    | 0.0695       | 46.53         | 0.01365      | 0.01246     | 0.0            | 0.8188                 | 0.006804     | 935.68  | -230179.301692 |
| AGIXUSDT     | 0.002129      | 0.00212     | 0.05498      | 53.53         | 0.01259      | 0.01184     | 0.0            | 0.9466                 | 0.00478      | 137.4   | -230179.302129 |
| SUSHIUSDT    | 0.002078      | 0.00212     | 0.07         | 94.53         | 0.01537      | 0.01648     | 0.0            | 0.732                  | 0.0113       | 1030.71 | -230179.302078 |
| YFIUSDT      | 0.001636      | 0.002117    | 0.06991      | 75.05         | 0.01181      | 0.0136      | 0.0            | 0.7242                 | 0.01104      | 1034.71 | -230179.301636 |
| OCEANUSDT    | 0.001669      | 0.002044    | 0.06975      | 92.12         | 0.01487      | 0.01376     | 0.0            | 0.8261                 | 0.009395     | 970.71  | -230179.301669 |
| JASMYUSDT    | 0.001491      | 0.002016    | 0.06203      | 85.98         | 0.01015      | 0.009081    | 0.0            | 0.9136                 | 0.005565     | 439.85  | -230179.301491 |
| SSVUSDT      | 0.002198      | 0.002003    | 0.05479      | 79.45         | 0.01096      | 0.009168    | 0.0            | 0.9295                 | 0.00466      | 129.5   | -230179.302198 |
| OMGUSDT      | 0.00155       | 0.001984    | 0.06743      | 91.25         | 0.01155      | 0.01472     | 0.0            | 0.7673                 | 0.01352      | 1094.62 | -230179.30155  |
| TRUUSDT      | 0.002343      | 0.001975    | 0.03115      | 76.55         | 0.008062     | 0.01482     | 0.0            | 0.8298                 | 0.01182      | 118.5   | -230179.302343 |
| LITUSDT      | 0.001535      | 0.001948    | 0.06981      | 80.65         | 0.01476      | 0.01399     | 0.0            | 0.8461                 | 0.009026     | 863.71  | -230179.301535 |
| ACHUSDT      | 0.00171       | 0.001937    | 0.02507      | 22.78         | 0.01088      | 0.01043     | 0.0            | 0.9927                 | 0.0007634    | 131.39  | -230179.30171  |
| ENJUSDT      | 0.001514      | 0.001899    | 0.06997      | 89.98         | 0.01233      | 0.01641     | 0.0            | 0.6885                 | 0.01626      | 1005.71 | -230179.301514 |
| RENUSDT      | 0.001861      | 0.001881    | 0.06968      | 93.02         | 0.0182       | 0.01767     | 0.0            | 0.7652                 | 0.01025      | 991.71  | -230179.301861 |
| RDNTUSDT     | 0.002046      | 0.001863    | 0.04451      | 32.27         | 0.00727      | 0.007352    | 0.0            | 0.9645                 | 0.002777     | 89.5    | -230179.302046 |
| REEFUSDT     | 0.001738      | 0.001802    | 0.06996      | 68.72         | 0.01494      | 0.0153      | 0.0            | 0.8343                 | 0.009006     | 859.7   | -230179.301738 |
| OGNUSDT      | 0.001886      | 0.001775    | 0.06994      | 64.45         | 0.01177      | 0.01445     | 0.0            | 0.7138                 | 0.01018      | 822.71  | -230179.301886 |
| RLCUSDT      | 0.001931      | 0.001736    | 0.06991      | 86.02         | 0.0175       | 0.01834     | 0.0            | 0.8136                 | 0.01028      | 1065.71 | -230179.301931 |
| COTIUSDT     | 0.001331      | 0.001736    | 0.06266      | 69.47         | 0.01176      | 0.01174     | 0.0            | 0.8572                 | 0.008323     | 843.71  | -230179.301331 |
| ALICEUSDT    | 0.001636      | 0.001717    | 0.06645      | 57.58         | 0.01658      | 0.01671     | 0.0            | 0.9115                 | 0.00502      | 837.87  | -230179.301636 |
| CHRUSDT      | 0.00186       | 0.001702    | 0.06994      | 81.38         | 0.01568      | 0.01576     | 0.0            | 0.7535                 | 0.00871      | 841.71  | -230179.30186  |
| BELUSDT      | 0.001642      | 0.001684    | 0.06389      | 88.13         | 0.019        | 0.01952     | 0.0            | 0.6744                 | 0.01238      | 955.71  | -230179.301642 |
| GRTUSDT      | 0.001377      | 0.001682    | 0.06887      | 83.23         | 0.01675      | 0.01609     | 0.0            | 0.76                   | 0.01107      | 924.71  | -230179.301377 |
| BNXUSDT      | 0.001429      | 0.001672    | 0.05455      | 59.7          | 0.009033     | 0.008176    | 0.0            | 0.9628                 | 0.003289     | 131.38  | -230179.301429 |
| 1INCHUSDT    | 0.001558      | 0.001666    | 0.06954      | 95.98         | 0.01323      | 0.01371     | 0.0            | 0.8652                 | 0.008465     | 918.58  | -230179.301558 |
| CKBUSDT      | 0.001441      | 0.001666    | 0.04739      | 83.92         | 0.006935     | 0.006902    | 0.0            | 0.9458                 | 0.003973     | 125.5   | -230179.301441 |
| LEVERUSDT    | 0.002185      | 0.001663    | 0.04637      | 83.32         | 0.0072       | 0.007865    | 0.0            | 0.9884                 | 0.001084     | 95.49   | -230179.302185 |
| BLURUSDT     | 0.00218       | 0.001663    | 0.02519      | 50.52         | 0.005792     | 0.006628    | 0.0            | 0.983                  | 0.001538     | 66.5    | -230179.30218  |
| FLMUSDT      | 0.00131       | 0.00166     | 0.06991      | 91.5          | 0.0176       | 0.01894     | 0.0            | 0.5008                 | 0.01594      | 1005.71 | -230179.30131  |
| 1000LUNCUSDT | 0.001473      | 0.001651    | 0.05536      | 25.68         | 0.007525     | 0.008096    | 0.0            | 0.9039                 | 0.005084     | 297.46  | -230179.301473 |
| SANDUSDT     | 0.001655      | 0.001648    | 0.06936      | 93.1          | 0.01336      | 0.01634     | 0.0            | 0.8066                 | 0.008746     | 887.71  | -230179.301655 |
| XVSUSDT      | 0.002495      | 0.001639    | 0.04808      | 43.77         | 0.01024      | 0.009714    | 0.0            | 0.9824                 | 0.001603     | 81.89   | -230179.302495 |
| XEMUSDT      | 0.001234      | 0.001611    | 0.06632      | 76.28         | 0.007957     | 0.01152     | 0.0            | 0.7877                 | 0.009412     | 850.71  | -230179.301234 |
| ALPHAUSDT    | 0.001663      | 0.001602    | 0.07         | 78.7          | 0.01822      | 0.01911     | 0.0            | 0.7319                 | 0.01237      | 950.71  | -230179.301663 |
| NKNUSDT      | 0.001359      | 0.001601    | 0.06995      | 80.57         | 0.01602      | 0.01737     | 0.0            | 0.784                  | 0.009989     | 814.71  | -230179.301359 |
| BLZUSDT      | 0.001668      | 0.001598    | 0.06999      | 69.3          | 0.01721      | 0.01755     | 0.0            | 0.5558                 | 0.01231      | 1017.7  | -230179.301668 |
| RSRUSDT      | 0.001435      | 0.001594    | 0.05854      | 54.63         | 0.01747      | 0.01561     | 0.0            | 0.8842                 | 0.00667      | 985.7   | -230179.301435 |
| FTMUSDT      | 0.0009718     | 0.001589    | 0.03703      | 60.22         | 0.01524      | 0.01439     | 0.0            | 0.786                  | 0.007183     | 1010.71 | -230179.300972 |
| SFPUSDT      | 0.001924      | 0.001589    | 0.06996      | 91.98         | 0.01345      | 0.01824     | 0.0            | 0.6901                 | 0.01026      | 857.71  | -230179.301924 |
| ALGOUSDT     | 0.000994      | 0.001588    | 0.06973      | 70.3          | 0.01335      | 0.01099     | 0.0            | 0.8246                 | 0.008035     | 1110.62 | -230179.300994 |
| ZENUSDT      | 0.001611      | 0.001587    | 0.06997      | 90.03         | 0.01807      | 0.01873     | 0.0            | 0.7212                 | 0.01184      | 949.71  | -230179.301611 |
| SNXUSDT      | 0.001584      | 0.001584    | 0.07         | 80.12         | 0.01639      | 0.01804     | 0.0            | 0.7672                 | 0.01213      | 1051.7  | -230179.301584 |
| ATOMUSDT     | 0.0009562     | 0.00157     | 0.05579      | 95.7          | 0.009823     | 0.01231     | 0.0            | 0.7622                 | 0.01094      | 1240.49 | -230179.300956 |
| HFTUSDT      | 0.001646      | 0.001568    | 0.05463      | 36.43         | 0.01149      | 0.01035     | 0.0            | 0.9762                 | 0.002303     | 88.5    | -230179.301646 |
| COCOSUSDT    | 0.0002376     | 0.001565    | 0.05942      | 92.65         | 0.01557      | 0.01598     | 0.0            | 0.8987                 | 0.01119      | 132.38  | -230179.300238 |
| HOOKUSDT     | 0.001634      | 0.001563    | 0.06591      | 58.13         | 0.01301      | 0.01203     | 0.0            | 0.9273                 | 0.006496     | 161.87  | -230179.301634 |
| LRCUSDT      | 0.001339      | 0.00156     | 0.06532      | 87.47         | 0.01716      | 0.01804     | 0.0            | 0.7209                 | 0.01361      | 985.7   | -230179.301339 |
| GALUSDT      | 0.001518      | 0.001555    | 0.05976      | 58.83         | 0.0122       | 0.01356     | 0.0            | 0.8996                 | 0.005934     | 424.41  | -230179.301518 |
| LQTYUSDT     | 0.001975      | 0.001543    | 0.05163      | 41.97         | 0.01499      | 0.01939     | 0.0            | 0.806                  | 0.01347      | 115.5   | -230179.301975 |
| ASTRUSDT     | 0.001725      | 0.001528    | 0.06659      | 38.38         | 0.008913     | 0.008826    | 0.0            | 0.9542                 | 0.003991     | 139.89  | -230179.301725 |
| STORJUSDT    | 0.001546      | 0.001519    | 0.06995      | 92.4          | 0.01793      | 0.0189      | 0.0            | 0.7617                 | 0.01046      | 1018.7  | -230179.301546 |
| MANAUSDT     | 0.001658      | 0.001506    | 0.06911      | 73.2          | 0.0142       | 0.01635     | 0.0            | 0.7596                 | 0.0094       | 838.71  | -230179.301658 |
| IOSTUSDT     | 0.001359      | 0.001499    | 0.06986      | 87.15         | 0.01505      | 0.01916     | 0.0            | 0.6482                 | 0.01576      | 1226.66 | -230179.301359 |
| UNFIUSDT     | 0.001396      | 0.001491    | 0.06989      | 53.75         | 0.0155       | 0.01957     | 0.0            | 0.6659                 | 0.01171      | 862.71  | -230179.301396 |
| HOTUSDT      | 0.001437      | 0.001478    | 0.06994      | 44.87         | 0.01227      | 0.01333     | 0.0            | 0.8282                 | 0.007807     | 824.71  | -230179.301437 |
| COMPUSDT     | 0.001556      | 0.00147     | 0.06993      | 90.85         | 0.0169       | 0.01881     | 0.0            | 0.8792                 | 0.008123     | 1096.62 | -230179.301556 |
| HIGHUSDT     | 0.001352      | 0.001452    | 0.04258      | 42.4          | 0.016        | 0.01512     | 0.0            | 0.9412                 | 0.004192     | 146.89  | -230179.301352 |
| DUSKUSDT     | 0.0014        | 0.001436    | 0.06718      | 50.12         | 0.013        | 0.01277     | 0.0            | 0.8523                 | 0.008467     | 542.85  | -230179.3014   |
| PHBUSDT      | 0.001811      | 0.001431    | 0.03666      | 83.35         | 0.01102      | 0.01173     | 0.0            | 0.9761                 | 0.002021     | 137.39  | -230179.301811 |
| ZRXUSDT      | 0.001445      | 0.001429    | 0.06726      | 75.8          | 0.01719      | 0.01633     | 0.0            | 0.875                  | 0.006626     | 1102.62 | -230179.301445 |
| NEARUSDT     | 0.00151       | 0.001427    | 0.06888      | 80.87         | 0.01791      | 0.01924     | 0.0            | 0.6897                 | 0.01465      | 989.66  | -230179.30151  |
| SPELLUSDT    | 0.001363      | 0.00141     | 0.06634      | 23.1          | 0.008046     | 0.007292    | 0.0            | 0.9605                 | 0.002541     | 300.5   | -230179.301363 |
| ONEUSDT      | 0.001472      | 0.001409    | 0.06071      | 83.42         | 0.01584      | 0.01851     | 0.0            | 0.7896                 | 0.01201      | 836.71  | -230179.301472 |
| ENSUSDT      | 0.001646      | 0.001407    | 0.06249      | 58.23         | 0.0136       | 0.01412     | 0.0            | 0.9101                 | 0.005449     | 580.85  | -230179.301646 |
| KSMUSDT      | 0.001192      | 0.001384    | 0.0626       | 83.57         | 0.01743      | 0.01669     | 0.0            | 0.8347                 | 0.008509     | 990.71  | -230179.301192 |
| XTZUSDT      | 0.001185      | 0.001383    | 0.06995      | 88.67         | 0.01307      | 0.01155     | 0.0            | 0.8936                 | 0.006271     | 1241.66 | -230179.301185 |
| AMBUSDT      | 0.001387      | 0.001378    | 0.02401      | 49.23         | 0.009332     | 0.008476    | 0.0            | 0.9669                 | 0.002875     | 95.5    | -230179.301387 |
| INJUSDT      | 0.001371      | 0.001373    | 0.05931      | 61.33         | 0.01447      | 0.01338     | 0.0            | 0.919                  | 0.006805     | 320.88  | -230179.301371 |
| ZILUSDT      | 0.001031      | 0.001373    | 0.05995      | 91.37         | 0.009332     | 0.01125     | 0.0            | 0.7631                 | 0.01057      | 1108.62 | -230179.301031 |
| ROSEUSDT     | 0.001196      | 0.001366    | 0.06977      | 83.07         | 0.01455      | 0.0147      | 0.0            | 0.8585                 | 0.007394     | 549.85  | -230179.301196 |
| ICXUSDT      | 0.001367      | 0.001365    | 0.05351      | 66.87         | 0.0145       | 0.01422     | 0.0            | 0.744                  | 0.008077     | 1019.71 | -230179.301367 |
| CTKUSDT      | 0.002064      | 0.001356    | 0.06933      | 78.78         | 0.01522      | 0.01708     | 0.0            | 0.9219                 | 0.004032     | 954.71  | -230179.302064 |
| MINAUSDT     | 0.001822      | 0.001353    | 0.06652      | 76.65         | 0.01282      | 0.01247     | 0.0            | 0.9725                 | 0.002821     | 146.54  | -230179.301822 |
| CFXUSDT      | 0.001071      | 0.001349    | 0.06029      | 62.9          | 0.01862      | 0.01921     | 0.0            | 0.8847                 | 0.01294      | 133.39  | -230179.301071 |
| LUNA2USDT    | 0.001344      | 0.001342    | 0.06282      | 57.32         | 0.01023      | 0.01081     | 0.0            | 0.924                  | 0.004687     | 296.87  | -230179.301344 |
| FLOWUSDT     | 0.001393      | 0.001327    | 0.06201      | 79.25         | 0.01351      | 0.01402     | 0.0            | 0.9076                 | 0.005771     | 508.85  | -230179.301393 |
| AVAXUSDT     | 0.00128       | 0.001318    | 0.06962      | 93.03         | 0.01519      | 0.01637     | 0.0            | 0.8597                 | 0.007994     | 1011.71 | -230179.30128  |
| DOTUSDT      | 0.001051      | 0.001311    | 0.06138      | 76.87         | 0.01393      | 0.01344     | 0.0            | 0.8698                 | 0.006809     | 1043.71 | -230179.301051 |
| TLMUSDT      | 0.001514      | 0.001307    | 0.06897      | 13.2          | 0.008096     | 0.007158    | 0.0            | 0.9691                 | 0.002663     | 95.48   | -230179.301514 |
| CRVUSDT      | 0.00134       | 0.001305    | 0.06955      | 68.22         | 0.01779      | 0.01786     | 0.0            | 0.7824                 | 0.01068      | 1033.71 | -230179.30134  |
| DENTUSDT     | 0.001413      | 0.001292    | 0.06659      | 85.5          | 0.015        | 0.01499     | 0.0            | 0.9116                 | 0.005033     | 830.83  | -230179.301413 |
| DGBUSDT      | 0.001394      | 0.001282    | 0.06885      | 52.62         | 0.01472      | 0.0139      | 0.0            | 0.8672                 | 0.006951     | 802.85  | -230179.301394 |
| EDUUSDT      | 0.0015        | 0.001272    | 0.04025      | 50.03         | 0.01396      | 0.01715     | 0.0            | 0.9317                 | 0.006545     | 64.5    | -230179.3015   |
| DASHUSDT     | 0.001219      | 0.00127     | 0.06994      | 72.05         | 0.01396      | 0.01398     | 0.0            | 0.7558                 | 0.008321     | 1243.66 | -230179.301219 |
| MATICUSDT    | 0.001116      | 0.001268    | 0.06996      | 71.47         | 0.0117       | 0.01245     | 0.0            | 0.8491                 | 0.006707     | 982.71  | -230179.301116 |
| FETUSDT      | 0.00153       | 0.001257    | 0.06124      | 94.62         | 0.01549      | 0.01552     | 0.0            | 0.9014                 | 0.00942      | 167.89  | -230179.30153  |
| UNIUSDT      | 0.001495      | 0.001257    | 0.06736      | 80.97         | 0.01215      | 0.01421     | 0.0            | 0.8636                 | 0.006316     | 1016.71 | -230179.301495 |
| QTUMUSDT     | 0.00126       | 0.001255    | 0.06997      | 91.58         | 0.0159       | 0.01718     | 0.0            | 0.7772                 | 0.01051      | 1227.66 | -230179.30126  |
| BANDUSDT     | 0.001126      | 0.001254    | 0.05603      | 68.07         | 0.01686      | 0.01604     | 0.0            | 0.7842                 | 0.009191     | 1067.71 | -230179.301126 |
| PERPUSDT     | 0.002002      | 0.001249    | 0.05876      | 78.65         | 0.01153      | 0.009868    | 0.0            | 0.9569                 | 0.003555     | 119.5   | -230179.302002 |
| DYDXUSDT     | 0.001013      | 0.001234    | 0.05775      | 95.62         | 0.01799      | 0.01624     | 0.0            | 0.8381                 | 0.009613     | 661.85  | -230179.301013 |
| SXPUSDT      | 0.001165      | 0.001232    | 0.06017      | 92.92         | 0.01456      | 0.01363     | 0.0            | 0.9439                 | 0.003658     | 1075.62 | -230179.301165 |
| BATUSDT      | 0.001133      | 0.001229    | 0.06998      | 59.77         | 0.01634      | 0.01459     | 0.0            | 0.8223                 | 0.006747     | 1234.66 | -230179.301133 |
| STMXUSDT     | 0.001167      | 0.001228    | 0.06931      | 88.5          | 0.01459      | 0.01558     | 0.0            | 0.8771                 | 0.006392     | 832.71  | -230179.301167 |
| AAVEUSDT     | 0.001351      | 0.00122     | 0.06363      | 93.63         | 0.01549      | 0.01688     | 0.0            | 0.8804                 | 0.007491     | 988.71  | -230179.301351 |
| GMXUSDT      | 0.00163       | 0.001219    | 0.06612      | 60.62         | 0.01101      | 0.01054     | 0.0            | 0.9677                 | 0.002942     | 136.39  | -230179.30163  |
| LINAUSDT     | 0.001417      | 0.001217    | 0.04866      | 86.32         | 0.01567      | 0.01842     | 0.0            | 0.7666                 | 0.01321      | 835.71  | -230179.301417 |
| ATAUSDT      | 0.001276      | 0.001206    | 0.06387      | 60.52         | 0.01722      | 0.01522     | 0.0            | 0.9195                 | 0.005103     | 671.85  | -230179.301276 |
| MTLUSDT      | 0.001285      | 0.001198    | 0.05713      | 79.68         | 0.01538      | 0.01672     | 0.0            | 0.7105                 | 0.01473      | 823.71  | -230179.301285 |
| VETUSDT      | 0.0009572     | 0.001197    | 0.05977      | 63.63         | 0.01395      | 0.01236     | 0.0            | 0.8774                 | 0.005843     | 1233.66 | -230179.300957 |
| STXUSDT      | 0.001196      | 0.001183    | 0.07263      | 41.03         | 0.01588      | 0.01819     | 0.0            | 0.8698                 | 0.01018      | 132.39  | -230179.274929 |
| KNCUSDT      | 0.001293      | 0.001179    | 0.06285      | 87.43         | 0.01587      | 0.01592     | 0.0            | 0.8763                 | 0.007805     | 1104.63 | -230179.301293 |
| HBARUSDT     | 0.001293      | 0.001176    | 0.06613      | 69.48         | 0.01676      | 0.01627     | 0.0            | 0.8527                 | 0.006635     | 837.71  | -230179.301293 |
| DEFIUSDT     | 0.001264      | 0.001171    | 0.06861      | 79.62         | 0.0147       | 0.01442     | 0.0            | 0.8796                 | 0.005412     | 1037.71 | -230179.301264 |
| THETAUSDT    | 0.001019      | 0.001165    | 0.0687       | 65.87         | 0.01205      | 0.0129      | 0.0            | 0.8443                 | 0.009354     | 1130.66 | -230179.301019 |
| NEOUSDT      | 0.001059      | 0.001157    | 0.06713      | 62.58         | 0.01726      | 0.01471     | 0.0            | 0.8767                 | 0.006798     | 1230.63 | -230179.301059 |
| LDOUSDT      | 0.0009226     | 0.001147    | 0.05817      | 49.7          | 0.01407      | 0.01272     | 0.0            | 0.9178                 | 0.005806     | 284.5   | -230179.300923 |
| IOTAUSDT     | 0.001028      | 0.00113     | 0.06833      | 90.9          | 0.01157      | 0.01027     | 0.0            | 0.8679                 | 0.007089     | 1235.66 | -230179.301028 |
| ONTUSDT      | 0.001058      | 0.001127    | 0.06993      | 74.62         | 0.01745      | 0.01472     | 0.0            | 0.8572                 | 0.007788     | 1236.66 | -230179.301058 |
| ARBUSDT      | 0.001153      | 0.001126    | 0.06319      | 24.25         | 0.01489      | 0.01495     | 0.0            | 0.9684                 | 0.00336      | 102.37  | -230179.301153 |
| IMXUSDT      | 0.001084      | 0.00112     | 0.0411       | 47.33         | 0.01667      | 0.01655     | 0.0            | 0.9007                 | 0.005784     | 507.85  | -230179.301084 |
| CTSIUSDT     | 0.001037      | 0.001116    | 0.06412      | 82.62         | 0.01693      | 0.01521     | 0.0            | 0.8521                 | 0.008555     | 615.85  | -230179.301037 |
| ARUSDT       | 0.001         | 0.001114    | 0.05401      | 88.7          | 0.01583      | 0.01593     | 0.0            | 0.8692                 | 0.007321     | 643.85  | -230179.301    |
| MAGICUSDT    | 0.001052      | 0.001112    | 0.06617      | 79.65         | 0.01294      | 0.01602     | 0.0            | 0.8423                 | 0.01243      | 159.87  | -230179.301052 |
| ICPUSDT      | 0.001006      | 0.001099    | 0.06559      | 65.75         | 0.01238      | 0.01282     | 0.0            | 0.8906                 | 0.007593     | 279.89  | -230179.301006 |
| XMRUSDT      | 0.0008228     | 0.001092    | 0.06598      | 91.57         | 0.009532     | 0.008929    | 0.0            | 0.9034                 | 0.006093     | 1244.66 | -230179.300823 |
| DARUSDT      | 0.001054      | 0.001081    | 0.04483      | 48.5          | 0.01134      | 0.01357     | 0.0            | 0.9509                 | 0.002846     | 430.85  | -230179.301054 |
| API3USDT     | 0.0009749     | 0.001071    | 0.05057      | 91.47         | 0.01319      | 0.01537     | 0.0            | 0.925                  | 0.004165     | 496.85  | -230179.300975 |
| LPTUSDT      | 0.0009723     | 0.00107     | 0.06267      | 58.87         | 0.01302      | 0.01195     | 0.0            | 0.9268                 | 0.00507      | 599.85  | -230179.300972 |
| ZECUSDT      | 0.001151      | 0.001052    | 0.06036      | 93.33         | 0.01432      | 0.0152      | 0.0            | 0.8406                 | 0.008425     | 1242.66 | -230179.301151 |
| TOMOUSDT     | 0.001185      | 0.001051    | 0.03996      | 77.2          | 0.01456      | 0.01333     | 0.0            | 0.8615                 | 0.007539     | 992.71  | -230179.301185 |
| BALUSDT      | 0.0008808     | 0.001039    | 0.05766      | 94.72         | 0.01599      | 0.01452     | 0.0            | 0.8794                 | 0.007205     | 1033.71 | -230179.300881 |
| KAVAUSDT     | 0.000974      | 0.001026    | 0.05969      | 81.87         | 0.01836      | 0.01635     | 0.0            | 0.7748                 | 0.009851     | 1068.7  | -230179.300974 |
| FXSUSDT      | 0.0009713     | 0.00101     | 0.06039      | 52.07         | 0.017        | 0.01475     | 0.0            | 0.9669                 | 0.003944     | 164.87  | -230179.300971 |
| WOOUSDT      | 0.001085      | 0.0009794   | 0.06202      | 61.2          | 0.01697      | 0.01487     | 0.0            | 0.8841                 | 0.006853     | 451.85  | -230179.301085 |
| TUSDT        | 0.001279      | 0.0009768   | 0.03627      | 21.72         | 0.006512     | 0.005451    | 0.0            | 0.9788                 | 0.001684     | 152.46  | -230179.301279 |
| FILUSDT      | 0.0009054     | 0.0009746   | 0.06993      | 71.55         | 0.01836      | 0.01858     | 0.0            | 0.7852                 | 0.01118      | 988.75  | -230179.300905 |
| APEUSDT      | 0.0006737     | 0.0009632   | 0.0361       | 80.73         | 0.01228      | 0.01261     | 0.0            | 0.8294                 | 0.006888     | 473.37  | -230179.300674 |
| LINKUSDT     | 0.0008421     | 0.0009553   | 0.06631      | 63.0          | 0.01763      | 0.01555     | 0.0            | 0.8593                 | 0.007104     | 1261.66 | -230179.300842 |
| EGLDUSDT     | 0.0008685     | 0.0009245   | 0.06364      | 86.52         | 0.01617      | 0.01582     | 0.0            | 0.8687                 | 0.007444     | 1020.71 | -230179.300868 |
| ETCUSDT      | 0.0006326     | 0.0009244   | 0.0389       | 78.77         | 0.008886     | 0.01443     | 0.0            | 0.6686                 | 0.01315      | 1262.66 | -230179.300633 |
| CELOUSDT     | 0.001007      | 0.0008991   | 0.04334      | 76.08         | 0.01288      | 0.01166     | 0.0            | 0.8824                 | 0.005439     | 644.85  | -230179.301007 |
| GALAUSDT     | 0.0008449     | 0.0008964   | 0.05521      | 343.0         | 0.02237      | 0.03951     | 0.0            | 0.5874                 | 0.03605      | 653.85  | -94786.9329582 |
| EOSUSDT      | 0.0008044     | 0.0008773   | 0.07         | 62.75         | 0.0168       | 0.01589     | 0.0            | 0.9137                 | 0.004804     | 1270.66 | -230179.300804 |
| BCHUSDT      | 0.0008836     | 0.0008606   | 0.06959      | 49.78         | 0.01424      | 0.01388     | 0.0            | 0.881                  | 0.005729     | 1278.0  | -230179.300884 |
| IOTXUSDT     | 0.000794      | 0.0008539   | 0.06065      | 74.7          | 0.01638      | 0.0152      | 0.0            | 0.8835                 | 0.007406     | 690.85  | -230179.300794 |
| MKRUSDT      | 0.0008208     | 0.0008327   | 0.06554      | 91.22         | 0.01851      | 0.01824     | 0.0            | 0.8092                 | 0.009608     | 1052.71 | -230179.300821 |
| IDUSDT       | 0.0006547     | 0.0008292   | 0.01831      | 43.32         | 0.01172      | 0.009909    | 0.0            | 0.9835                 | 0.001306     | 102.39  | -230179.300655 |
| RUNEUSDT     | 0.0006163     | 0.0008062   | 0.04432      | 81.52         | 0.01997      | 0.01815     | 0.0            | 0.846                  | 0.007009     | 1030.7  | -230179.300616 |
| DOGEUSDT     | 0.0006203     | 0.0008017   | 0.05036      | 74.07         | 0.01543      | 0.01736     | 0.0            | 0.8121                 | 0.006601     | 1086.62 | -230179.30062  |
| 1000SHIBUSDT | 0.0005881     | 0.0007969   | 0.03655      | 56.0          | 0.01537      | 0.01718     | 0.0            | 0.8211                 | 0.008181     | 784.26  | -230179.300588 |
| BAKEUSDT     | 0.0006884     | 0.0007864   | 0.0333       | 54.58         | 0.01583      | 0.01439     | 0.0            | 0.9475                 | 0.002302     | 775.71  | -230179.300688 |
| C98USDT      | 0.0007115     | 0.0007637   | 0.04655      | 51.9          | 0.01901      | 0.01884     | 0.0            | 0.7561                 | 0.009704     | 678.85  | -230179.300711 |
| TRXUSDT      | 0.0006867     | 0.0007421   | 0.06515      | 93.85         | 0.01248      | 0.01199     | 0.0            | 0.8599                 | 0.005695     | 1263.66 | -230179.300687 |
| XLMUSDT      | 0.0005932     | 0.0007403   | 0.06962      | 87.18         | 0.01847      | 0.01903     | 0.0            | 0.7564                 | 0.01251      | 1258.66 | -230179.300593 |
| XRPUSDT      | 0.0007208     | 0.0007353   | 0.05277      | 54.53         | 0.01577      | 0.01852     | 0.0            | 0.8915                 | 0.004758     | 1272.65 | -230179.300721 |
| RVNUSDT      | 0.0006689     | 0.0007279   | 0.04341      | 95.62         | 0.01791      | 0.01761     | 0.0            | 0.8311                 | 0.008257     | 858.71  | -230179.300669 |
| CVXUSDT      | 0.0008453     | 0.0007264   | 0.05995      | 47.27         | 0.01439      | 0.01629     | 0.0            | 0.9524                 | 0.004023     | 284.49  | -230179.300845 |
| APTUSDT      | 0.000508      | 0.000714    | 0.04209      | 30.48         | 0.01797      | 0.01893     | 0.0            | 0.9263                 | 0.006529     | 257.92  | -230179.300508 |
| 1000XECUSDT  | 0.000768      | 0.0007001   | 0.04881      | 52.28         | 0.01451      | 0.01697     | 0.0            | 0.9079                 | 0.00473      | 654.85  | -230179.300768 |
| OPUSDT       | 0.0004946     | 0.0006901   | 0.0547       | 89.67         | 0.01778      | 0.01761     | 0.0            | 0.847                  | 0.01183      | 397.41  | -230179.300495 |
| RNDRUSDT     | 0.0005724     | 0.0006816   | 0.0278       | 64.95         | 0.01848      | 0.01627     | 0.0            | 0.9247                 | 0.005378     | 150.89  | -230179.300572 |
| AXSUSDT      | 0.0004921     | 0.0006802   | 0.03448      | 75.37         | 0.01956      | 0.01893     | 0.0            | 0.8646                 | 0.006301     | 953.7   | -230179.300492 |
| GTCUSDT      | 0.0005351     | 0.0006735   | 0.03973      | 62.42         | 0.02036      | 0.01839     | 0.0            | 0.8001                 | 0.007822     | 752.85  | -230178.938137 |
| GMTUSDT      | 0.0005502     | 0.0006672   | 0.1152       | 993.6         | 0.04604      | 0.08432     | 0.0            | 0.288                  | 0.09978      | 475.83  | 820105.403291  |
| SOLUSDT      | 0.0005434     | 0.0006622   | 0.02687      | 31.2          | 0.01634      | 0.01435     | 0.0            | 0.9138                 | 0.003199     | 1020.71 | -230179.300543 |
| KLAYUSDT     | 0.0006877     | 0.0006431   | 0.05646      | 74.1          | 0.01485      | 0.01665     | 0.0            | 0.8871                 | 0.007036     | 629.85  | -230179.300688 |
| BNBUSDT      | 0.0004752     | 0.0006326   | 0.05301      | 86.37         | 0.01081      | 0.01111     | 0.0            | 0.8084                 | 0.007873     | 1237.66 | -230179.300475 |
| AUDIOUSDT    | 0.0005534     | 0.0006261   | 0.02842      | 87.75         | 0.01492      | 0.01515     | 0.0            | 0.837                  | 0.006298     | 683.85  | -230179.300553 |
| LTCUSDT      | 0.0006349     | 0.0006185   | 0.06994      | 90.37         | 0.01749      | 0.01623     | 0.0            | 0.8334                 | 0.007605     | 1269.66 | -230179.300635 |
| QNTUSDT      | 0.000591      | 0.0006166   | 0.0734       | 106.1         | 0.01506      | 0.01445     | 0.0            | 0.9512                 | 0.005723     | 256.89  | -229170.933212 |
| JOEUSDT      | 0.0008444     | 0.0005776   | 0.04848      | 47.47         | 0.0195       | 0.01797     | 0.0            | 0.9552                 | 0.004849     | 96.49   | -230179.300844 |
| ADAUSDT      | 0.0003785     | 0.0005294   | 0.04346      | 88.4          | 0.01492      | 0.01469     | 0.0            | 0.8266                 | 0.007894     | 1247.66 | -230179.300378 |
| ETHUSDT      | 0.000417      | 0.0005209   | 0.06969      | 95.55         | 0.01186      | 0.01392     | 0.0            | 0.8106                 | 0.01055      | 1278.0  | -230179.300417 |
| FOOTBALLUSDT | 0.0003589     | 0.000519    | 0.03361      | 63.48         | 0.009437     | 0.009531    | 0.0            | 0.9784                 | 0.00167      | 305.87  | -230179.300359 |
| ARPAUSDT     | 0.0004613     | 0.0004666   | 0.01894      | 67.65         | 0.011        | 0.01059     | 0.0            | 0.9129                 | 0.00307      | 622.85  | -230179.300461 |
| BLUEBIRDUSDT | 0.0003588     | 0.0004013   | 0.04027      | 52.58         | 0.00856      | 0.007813    | 0.0            | 0.972                  | 0.002095     | 243.5   | -230179.300359 |
| MASKUSDT     | 0.0003331     | 0.0003832   | 0.03704      | 84.92         | 0.02053      | 0.02262     | 0.0            | 0.7774                 | 0.01268      | 675.85  | -230152.556454 |
| WAVESUSDT    | 0.0003278     | 0.0003782   | 0.03235      | 46.9          | 0.0179       | 0.01997     | 0.0            | 0.8207                 | 0.005805     | 1053.71 | -230179.300328 |
| PEOPLEUSDT   | 0.0002921     | 0.0003755   | 0.02562      | 42.62         | 0.01716      | 0.01999     | 0.0            | 0.8816                 | 0.005348     | 556.83  | -230179.300292 |
| ANTUSDT      | 0.0002479     | 0.0003264   | 0.06603      | 45.28         | 0.02044      | 0.02506     | 0.0            | 0.7428                 | 0.02254      | 553.83  | -230128.279063 |
| BTCUSDT      | 0.0002875     | 0.0003251   | 0.04782      | 95.25         | 0.008853     | 0.009253    | 0.0            | 0.924                  | 0.004358     | 1278.0  | -230179.300287 |
| STGUSDT      | 0.0002839     | 0.0003193   | 0.06254      | 127.9         | 0.01809      | 0.0245      | 0.0            | 0.7563                 | 0.02064      | 312.5   | -226940.979855 |
| BTCDOMUSDT   | 0.0001368     | 0.0001798   | 0.1866       | 1231.0        | 0.02107      | 0.03371     | 0.0            | 0.7753                 | 0.0318       | 742.85  | -48541.0925703 |
| USDCUSDT     | -3.809e-08    | -3.809e-07  | 0.9883       | 8.833         | 0.004566     | 0.00128     | 0.0            | 0.9922                 | 0.001053     | 113.29  | -230170.116979 |
+--------------+---------------+-------------+--------------+---------------+--------------+-------------+----------------+------------------------+--------------+---------+----------------+

