# note: symbols with little price history are not optimized on their own; instead the best config from among the symbols with more price history is chosen.

+---------------------------------------------------------------------------------------------------------------------------------------------------------------------------------------------+
|                                                                                             long                                                                                            |
+---------------+---------------+-------------+--------------+---------------+--------------+-------------+----------------+------------------------+--------------+---------+----------------+
| symbol        | adg_w_per_exp | adg_per_exp | exp_rts_mean | hrs_stuck_max | pa_dist_mean | pa_dist_std | loss_profit_rt | eqbal_rt_10_worst_mean | eqbal_rt_std | n_days  | score          |
+---------------+---------------+-------------+--------------+---------------+--------------+-------------+----------------+------------------------+--------------+---------+----------------+
| BLURUSDT      | 0.00238       | 0.0008414   | 0.03931      | 41.25         | 0.01156      | 0.009012    | 0.02242        | 0.9735                 | 0.002121     | 96.5    | -480179.30238  |
| 1000LUNCUSDT  | 0.001713      | 0.002467    | 0.0591       | 56.93         | 0.006588     | 0.01872     | 0.06232        | 0.8071                 | 0.01208      | 327.46  | -480179.301713 |
| MKRUSDT       | 0.001565      | 0.002247    | 0.06928      | 83.23         | 0.009786     | 0.01443     | 0.01902        | 0.7933                 | 0.008877     | 1084.71 | -480179.301565 |
| XRPUSDT       | 0.001509      | 0.002665    | 0.06049      | 71.22         | 0.004623     | 0.009215    | 0.09565        | 0.8039                 | 0.006175     | 1303.67 | -480179.301509 |
| DOGEUSDT      | 0.001495      | 0.003354    | 0.06461      | 68.38         | 0.006542     | 0.0148      | 0.04319        | 0.7937                 | 0.009356     | 1118.62 | -480179.301495 |
| LQTYUSDT      | 0.001366      | 0.001847    | 0.06468      | 72.83         | 0.01019      | 0.015       | 0.09053        | 0.8771                 | 0.0103       | 145.5   | -480179.301366 |
| ALPHAUSDT     | 0.001337      | 0.002436    | 0.06117      | 92.65         | 0.01354      | 0.01736     | 0.0626         | 0.7564                 | 0.01093      | 982.71  | -480179.301337 |
| ARPAUSDT      | 0.001333      | 0.001402    | 0.05654      | 60.15         | 0.008252     | 0.01154     | 0.04504        | 0.8825                 | 0.007649     | 652.88  | -480179.301333 |
| HBARUSDT      | 0.001322      | 0.002728    | 0.06999      | 89.15         | 0.008052     | 0.01163     | 0.06265        | 0.8408                 | 0.008047     | 867.71  | -480179.301322 |
| MATICUSDT     | 0.001307      | 0.003812    | 0.06597      | 74.87         | 0.008952     | 0.01165     | 0.0195         | 0.85                   | 0.009531     | 1014.71 | -480179.301307 |
| NKNUSDT       | 0.001303      | 0.002288    | 0.06995      | 87.55         | 0.01296      | 0.01685     | 0.02832        | 0.8053                 | 0.01068      | 844.71  | -480179.301303 |
| RNDRUSDT      | 0.00128       | 0.002437    | 0.06357      | 55.28         | 0.009204     | 0.01557     | 0.01045        | 0.8883                 | 0.01008      | 180.92  | -480179.30128  |
| OMGUSDT       | 0.001248      | 0.002043    | 0.06708      | 69.5          | 0.009942     | 0.01309     | 0.04089        | 0.8263                 | 0.007911     | 1126.62 | -480179.301248 |
| RLCUSDT       | 0.001234      | 0.002211    | 0.05036      | 89.23         | 0.01373      | 0.01361     | 0.01366        | 0.8813                 | 0.005597     | 1097.71 | -480179.301234 |
| 1000PEPEUSDT  | 0.001226      | 0.00226     | 0.04346      | 28.63         | 0.01181      | 0.009823    | 0.0            | 0.9614                 | 0.004004     | 89.33   | -480179.301226 |
| CELRUSDT      | 0.001208      | 0.002556    | 0.06869      | 95.98         | 0.01349      | 0.01912     | 0.03223        | 0.7638                 | 0.01223      | 855.71  | -480179.301208 |
| SOLUSDT       | 0.001204      | 0.001816    | 0.05202      | 85.15         | 0.01417      | 0.01645     | 0.0663         | 0.7801                 | 0.009722     | 1052.71 | -480179.301204 |
| WAVESUSDT     | 0.001187      | 0.001779    | 0.06494      | 45.83         | 0.009941     | 0.01947     | 0.06263        | 0.7521                 | 0.01269      | 1085.71 | -480179.301187 |
| TOMOUSDT      | 0.001171      | 0.00129     | 0.06947      | 90.45         | 0.01564      | 0.01666     | 0.07969        | 0.8379                 | 0.01002      | 1024.71 | -480179.301171 |
| MANAUSDT      | 0.00115       | 0.002204    | 0.05717      | 71.45         | 0.008497     | 0.01388     | 0.0491         | 0.7937                 | 0.009079     | 870.71  | -480179.30115  |
| YFIUSDT       | 0.001112      | 0.002623    | 0.06973      | 79.28         | 0.00942      | 0.01833     | 0.06816        | 0.7526                 | 0.01459      | 1066.71 | -480179.301112 |
| SKLUSDT       | 0.00111       | 0.002263    | 0.06863      | 92.37         | 0.01459      | 0.01968     | 0.06961        | 0.792                  | 0.01313      | 967.71  | -480179.30111  |
| STXUSDT       | 0.001098      | 0.001794    | 0.06499      | 72.13         | 0.01134      | 0.01128     | 0.001614       | 0.9121                 | 0.005802     | 162.42  | -480179.301098 |
| SNXUSDT       | 0.00108       | 0.001952    | 0.06513      | 90.37         | 0.01444      | 0.01897     | 0.02609        | 0.7876                 | 0.01123      | 1083.71 | -480179.30108  |
| GRTUSDT       | 0.001067      | 0.002015    | 0.06619      | 64.7          | 0.01432      | 0.0185      | 0.05696        | 0.7804                 | 0.01061      | 956.71  | -480179.301067 |
| NEARUSDT      | 0.001067      | 0.002165    | 0.06152      | 80.47         | 0.01355      | 0.01384     | 0.06142        | 0.8326                 | 0.008499     | 1021.67 | -480179.301067 |
| FETUSDT       | 0.001063      | 0.002297    | 0.04212      | 46.12         | 0.007362     | 0.007415    | 0.005014       | 0.9493                 | 0.003376     | 197.92  | -480179.301063 |
| EDUUSDT       | 0.00106       | 0.002131    | 0.06126      | 54.52         | 0.0123       | 0.01046     | 0.013          | 0.9667                 | 0.003672     | 94.5    | -480179.30106  |
| FILUSDT       | 0.001044      | 0.001564    | 0.04939      | 58.27         | 0.009596     | 0.01914     | 0.04436        | 0.8336                 | 0.01076      | 1020.75 | -480179.301044 |
| LRCUSDT       | 0.001028      | 0.002268    | 0.063        | 75.0          | 0.009465     | 0.01255     | 0.01653        | 0.8457                 | 0.008044     | 1017.71 | -480179.301028 |
| THETAUSDT     | 0.000989      | 0.002467    | 0.06776      | 83.33         | 0.008897     | 0.01042     | 0.07467        | 0.8995                 | 0.005446     | 1162.67 | -480179.300989 |
| RDNTUSDT      | 0.0009786     | 0.001407    | 0.06165      | 65.63         | 0.01086      | 0.01165     | 0.02229        | 0.927                  | 0.007489     | 119.5   | -480179.300979 |
| BELUSDT       | 0.0009765     | 0.001616    | 0.06544      | 83.85         | 0.0141       | 0.0156      | 0.0479         | 0.7888                 | 0.01149      | 987.71  | -480179.300976 |
| BANDUSDT      | 0.000975      | 0.002064    | 0.06883      | 83.68         | 0.0143       | 0.01352     | 0.06849        | 0.8563                 | 0.008366     | 1099.71 | -480179.300975 |
| ALICEUSDT     | 0.0009685     | 0.002322    | 0.06214      | 81.62         | 0.01194      | 0.01693     | 0.02916        | 0.8103                 | 0.01055      | 868.88  | -480179.300969 |
| RVNUSDT       | 0.0009676     | 0.00198     | 0.06574      | 81.07         | 0.01119      | 0.01596     | 0.04054        | 0.7945                 | 0.009229     | 890.71  | -480179.300968 |
| CFXUSDT       | 0.0009479     | 0.001863    | 0.05524      | 42.95         | 0.01212      | 0.01182     | 0.0407         | 0.9294                 | 0.006144     | 163.42  | -480179.300948 |
| SUIUSDT       | 0.0009389     | 0.0008342   | 0.02048      | 71.43         | 0.01529      | 0.01407     | 0.0            | 0.9944                 | 0.0008798    | 91.33   | -480179.300939 |
| ICPUSDT       | 0.0009303     | 0.001274    | 0.05761      | 62.58         | 0.006713     | 0.008499    | 0.01667        | 0.9371                 | 0.004684     | 309.92  | -480179.30093  |
| HOTUSDT       | 0.0009207     | 0.002174    | 0.05983      | 72.13         | 0.008792     | 0.01678     | 0.0821         | 0.7651                 | 0.01081      | 854.71  | -480179.300921 |
| OPUSDT        | 0.0009208     | 0.001633    | 0.06655      | 60.07         | 0.01375      | 0.01933     | 0.0739         | 0.8122                 | 0.01279      | 427.42  | -480179.300921 |
| DGBUSDT       | 0.00089       | 0.001615    | 0.06965      | 83.68         | 0.01342      | 0.01934     | 0.04203        | 0.7814                 | 0.01129      | 832.88  | -480179.30089  |
| DOTUSDT       | 0.0008844     | 0.00218     | 0.06774      | 70.98         | 0.008396     | 0.01486     | 0.01824        | 0.795                  | 0.009236     | 1075.71 | -480179.300884 |
| EGLDUSDT      | 0.0008788     | 0.002112    | 0.06423      | 64.53         | 0.009317     | 0.01636     | 0.03317        | 0.8225                 | 0.011        | 1052.71 | -480179.300879 |
| COTIUSDT      | 0.0008789     | 0.001845    | 0.06315      | 81.87         | 0.01149      | 0.01334     | 0.0355         | 0.7941                 | 0.008665     | 875.71  | -480179.300879 |
| COMBOUSDT     | 0.0008742     | 0.001559    | 0.0572       | 22.22         | 0.007819     | 0.01437     | 0.05335        | 0.9042                 | 0.009244     | 61.5    | -480179.300874 |
| COMPUSDT      | 0.0008705     | 0.001326    | 0.06605      | 82.45         | 0.01585      | 0.01793     | 0.05609        | 0.8169                 | 0.01006      | 1128.62 | -480179.30087  |
| 1000SHIBUSDT  | 0.0008671     | 0.002053    | 0.0334       | 57.53         | 0.007046     | 0.01671     | 0.004264       | 0.7603                 | 0.007889     | 814.29  | -480179.300867 |
| SUSHIUSDT     | 0.0008652     | 0.001623    | 0.04683      | 89.38         | 0.01726      | 0.01791     | 0.03424        | 0.7721                 | 0.009672     | 1062.71 | -480179.300865 |
| ATOMUSDT      | 0.0008619     | 0.001932    | 0.04698      | 66.83         | 0.007474     | 0.01559     | 0.02345        | 0.753                  | 0.007674     | 1271.5  | -480179.300862 |
| LDOUSDT       | 0.0008523     | 0.001249    | 0.06241      | 73.05         | 0.0132       | 0.01635     | 0.02101        | 0.8247                 | 0.009519     | 314.5   | -480179.300852 |
| RUNEUSDT      | 0.0008441     | 0.002688    | 0.06414      | 91.47         | 0.01093      | 0.01565     | 0.02684        | 0.8262                 | 0.00949      | 1062.71 | -480179.300844 |
| UNIUSDT       | 0.0008372     | 0.00206     | 0.0687       | 90.58         | 0.01043      | 0.01186     | 0.01817        | 0.8185                 | 0.007186     | 1048.71 | -480179.300837 |
| AAVEUSDT      | 0.0008224     | 0.001939    | 0.06118      | 95.87         | 0.01303      | 0.01476     | 0.05673        | 0.8698                 | 0.009011     | 1020.71 | -480179.300822 |
| STMXUSDT      | 0.0008202     | 0.001118    | 0.0616       | 76.22         | 0.01416      | 0.01994     | 0.08176        | 0.8008                 | 0.01236      | 862.71  | -480179.30082  |
| UNFIUSDT      | 0.0008149     | 0.001444    | 0.04962      | 75.73         | 0.01735      | 0.01988     | 0.05575        | 0.8047                 | 0.009478     | 894.71  | -480179.300815 |
| INJUSDT       | 0.0008148     | 0.001433    | 0.05435      | 64.18         | 0.009537     | 0.01163     | 0.07692        | 0.8996                 | 0.006924     | 350.92  | -480179.300815 |
| ANKRUSDT      | 0.0008056     | 0.001323    | 0.06839      | 91.17         | 0.01453      | 0.01712     | 0.05355        | 0.7865                 | 0.01184      | 918.71  | -480179.300806 |
| IMXUSDT       | 0.0008053     | 0.00145     | 0.05673      | 94.52         | 0.01456      | 0.01264     | 0.01451        | 0.9221                 | 0.005218     | 537.88  | -480179.300805 |
| LINKUSDT      | 0.0007969     | 0.001988    | 0.05617      | 92.18         | 0.009287     | 0.011       | 0.04234        | 0.8399                 | 0.006075     | 1292.67 | -480179.300797 |
| ZRXUSDT       | 0.0007954     | 0.001093    | 0.04253      | 51.57         | 0.0106       | 0.0136      | 0.04378        | 0.8257                 | 0.007772     | 1134.62 | -480179.300795 |
| CTKUSDT       | 0.0007815     | 0.002267    | 0.06992      | 95.07         | 0.01193      | 0.01878     | 0.04891        | 0.7763                 | 0.01233      | 986.71  | -480179.300782 |
| RSRUSDT       | 0.0007819     | 0.001223    | 0.03624      | 95.7          | 0.01556      | 0.01478     | 0.009408       | 0.8855                 | 0.004356     | 1017.71 | -480179.300782 |
| CHRUSDT       | 0.0007706     | 0.001732    | 0.06271      | 84.8          | 0.01296      | 0.01725     | 0.05832        | 0.7896                 | 0.01059      | 873.71  | -480179.300771 |
| ARBUSDT       | 0.0007689     | 0.001388    | 0.06277      | 48.25         | 0.008234     | 0.01549     | 0.0562         | 0.8909                 | 0.01045      | 132.38  | -480179.300769 |
| UMAUSDT       | 0.0007581     | 0.000966    | 0.05839      | 42.72         | 0.007509     | 0.01303     | 0.02698        | 0.8971                 | 0.008857     | 84.5    | -480179.300758 |
| ASTRUSDT      | 0.0007562     | 0.001207    | 0.05076      | 72.77         | 0.01038      | 0.009026    | 0.03685        | 0.956                  | 0.004096     | 169.92  | -480179.300756 |
| CRVUSDT       | 0.0007525     | 0.001615    | 0.04492      | 74.35         | 0.01183      | 0.01318     | 0.04228        | 0.8565                 | 0.007314     | 1065.71 | -480179.300753 |
| CHZUSDT       | 0.0007212     | 0.002146    | 0.06779      | 95.12         | 0.0111       | 0.0137      | 0.05773        | 0.8435                 | 0.01017      | 923.71  | -480179.300721 |
| AVAXUSDT      | 0.0007199     | 0.001849    | 0.06536      | 83.43         | 0.01411      | 0.01854     | 0.0453         | 0.7934                 | 0.01021      | 1043.71 | -480179.30072  |
| FTMUSDT       | 0.0007083     | 0.00162     | 0.03497      | 92.88         | 0.01403      | 0.01354     | 0.007048       | 0.8599                 | 0.00511      | 1042.71 | -480179.300708 |
| ICXUSDT       | 0.0007064     | 0.001363    | 0.06294      | 96.0          | 0.01252      | 0.0154      | 0.08129        | 0.7954                 | 0.0105       | 1051.71 | -480179.300706 |
| SPELLUSDT     | 0.0007025     | 0.000939    | 0.03976      | 46.8          | 0.006815     | 0.006739    | 0.002131       | 0.9451                 | 0.003083     | 330.5   | -480179.300702 |
| 1INCHUSDT     | 0.0006953     | 0.001197    | 0.04357      | 79.92         | 0.01482      | 0.01534     | 0.03845        | 0.8633                 | 0.005641     | 950.58  | -480179.300695 |
| DEFIUSDT      | 0.0006931     | 0.00153     | 0.06511      | 92.73         | 0.01185      | 0.01413     | 0.03473        | 0.8465                 | 0.008575     | 1069.71 | -480179.300693 |
| PHBUSDT       | 0.0006878     | 0.0009507   | 0.0694       | 81.98         | 0.01494      | 0.01528     | 0.04046        | 0.9191                 | 0.007395     | 167.42  | -480179.300688 |
| XLMUSDT       | 0.0006765     | 0.001665    | 0.06701      | 82.67         | 0.01045      | 0.01188     | 0.03754        | 0.8503                 | 0.006279     | 1289.67 | -480179.300677 |
| HFTUSDT       | 0.0006553     | 0.0008769   | 0.05589      | 46.52         | 0.01008      | 0.01171     | 0.05283        | 0.9196                 | 0.007654     | 118.5   | -480179.300655 |
| ONEUSDT       | 0.0006545     | 0.001579    | 0.04482      | 89.67         | 0.01185      | 0.01214     | 0.01766        | 0.8931                 | 0.005555     | 866.71  | -480179.300654 |
| KSMUSDT       | 0.0006514     | 0.001528    | 0.05475      | 89.23         | 0.01422      | 0.01505     | 0.04087        | 0.8275                 | 0.008087     | 1022.71 | -480179.300651 |
| MINAUSDT      | 0.0006476     | 0.001135    | 0.06028      | 90.93         | 0.01098      | 0.01065     | 0.01312        | 0.9147                 | 0.00579      | 176.54  | -480179.300648 |
| ZENUSDT       | 0.0006452     | 0.001565    | 0.05098      | 81.3          | 0.01483      | 0.0176      | 0.06397        | 0.8061                 | 0.009788     | 981.71  | -480179.300645 |
| CELOUSDT      | 0.0006433     | 0.0008103   | 0.05489      | 75.07         | 0.01391      | 0.01847     | 0.08871        | 0.8248                 | 0.01167      | 674.88  | -480179.300643 |
| ETCUSDT       | 0.000641      | 0.001132    | 0.04531      | 89.47         | 0.009498     | 0.0169      | 0.05601        | 0.7785                 | 0.009276     | 1293.67 | -480179.300641 |
| LEVERUSDT     | 0.0006274     | 0.0008637   | 0.06368      | 67.33         | 0.01192      | 0.01133     | 0.0            | 0.9469                 | 0.004804     | 125.5   | -480179.300627 |
| LTCUSDT       | 0.0006184     | 0.00124     | 0.04152      | 95.55         | 0.00958      | 0.01443     | 0.0267         | 0.762                  | 0.007429     | 1300.67 | -480179.300618 |
| IOSTUSDT      | 0.0006177     | 0.001303    | 0.0542       | 90.1          | 0.01221      | 0.01564     | 0.08656        | 0.8055                 | 0.009997     | 1257.67 | -480179.300618 |
| AGIXUSDT      | 0.0006113     | 0.001322    | 0.05986      | 63.48         | 0.01297      | 0.017       | 0.07901        | 0.8953                 | 0.01162      | 167.42  | -480179.300611 |
| KEYUSDT       | 0.0006108     | 0.0006453   | 0.02278      | 35.45         | 0.008701     | 0.01379     | 0.01758        | 0.893                  | 0.008607     | 70.5    | -480179.300611 |
| STGUSDT       | 0.0006091     | 0.001067    | 0.05706      | 81.98         | 0.01298      | 0.01136     | 0.007682       | 0.943                  | 0.004012     | 342.5   | -480179.300609 |
| SXPUSDT       | 0.0005937     | 0.001995    | 0.03169      | 93.68         | 0.0143       | 0.01596     | 0.008123       | 0.8671                 | 0.006449     | 1107.62 | -480179.300594 |
| AXSUSDT       | 0.0005944     | 0.001725    | 0.06096      | 87.7          | 0.01395      | 0.01682     | 0.03072        | 0.8772                 | 0.008789     | 985.71  | -480179.300594 |
| AUDIOUSDT     | 0.000586      | 0.001112    | 0.03737      | 82.07         | 0.01006      | 0.009645    | 0.027          | 0.9259                 | 0.004206     | 713.88  | -480179.300586 |
| BCHUSDT       | 0.0005784     | 0.0008101   | 0.04918      | 89.42         | 0.01132      | 0.01492     | 0.08391        | 0.82                   | 0.005556     | 1309.0  | -480179.300578 |
| GMXUSDT       | 0.0005736     | 0.0007554   | 0.06978      | 92.83         | 0.01366      | 0.01182     | 0.007548       | 0.9747                 | 0.003158     | 166.42  | -480179.300574 |
| QNTUSDT       | 0.0005595     | 0.001032    | 0.04079      | 87.38         | 0.006112     | 0.007954    | 0.001788       | 0.9422                 | 0.003654     | 286.92  | -480179.300559 |
| XMRUSDT       | 0.0005488     | 0.001292    | 0.06645      | 95.05         | 0.009333     | 0.01013     | 0.0538         | 0.8583                 | 0.006087     | 1275.67 | -480179.300549 |
| HOOKUSDT      | 0.0005468     | 0.00101     | 0.05902      | 85.63         | 0.01923      | 0.0181      | 0.0            | 0.9403                 | 0.005784     | 191.88  | -480179.300547 |
| CTSIUSDT      | 0.0005347     | 0.0006999   | 0.04032      | 81.87         | 0.0132       | 0.01748     | 0.09362        | 0.81                   | 0.009676     | 645.88  | -480179.300535 |
| MTLUSDT       | 0.0005338     | 0.0007345   | 0.02688      | 86.73         | 0.01463      | 0.01586     | 0.0455         | 0.8323                 | 0.00767      | 853.71  | -480179.300534 |
| IDEXUSDT      | 0.0005291     | 0.0008353   | 0.06618      | 53.92         | 0.01493      | 0.01486     | 0.01258        | 0.9324                 | 0.007785     | 91.5    | -480179.300529 |
| REEFUSDT      | 0.0005164     | 0.001307    | 0.04102      | 81.93         | 0.01229      | 0.01595     | 0.04325        | 0.8308                 | 0.008655     | 891.71  | -480179.300516 |
| OCEANUSDT     | 0.0005163     | 0.0008612   | 0.02399      | 70.57         | 0.0141       | 0.01342     | 0.0            | 0.8785                 | 0.003727     | 1002.71 | -480179.300516 |
| GALAUSDT      | 0.0005158     | 0.001013    | 0.0472       | 53.32         | 0.008566     | 0.01021     | 0.07034        | 0.9142                 | 0.007132     | 683.88  | -480179.300516 |
| DUSKUSDT      | 0.0005019     | 0.0007368   | 0.04539      | 90.82         | 0.01637      | 0.01602     | 0.0239         | 0.8874                 | 0.006235     | 572.88  | -480179.300502 |
| GALUSDT       | 0.0004946     | 0.001138    | 0.0388       | 72.13         | 0.01396      | 0.01309     | 0.008606       | 0.958                  | 0.003514     | 454.42  | -480179.300495 |
| LUNA2USDT     | 0.0004917     | 0.0006857   | 0.01726      | 68.32         | 0.009935     | 0.009786    | 0.0            | 0.9439                 | 0.003271     | 326.88  | -480179.300492 |
| DENTUSDT      | 0.0004874     | 0.001505    | 0.0252       | 66.9          | 0.008838     | 0.008123    | 0.01979        | 0.9589                 | 0.002171     | 860.83  | -480179.300487 |
| ZECUSDT       | 0.0004745     | 0.000827    | 0.02592      | 85.28         | 0.009308     | 0.01097     | 0.00486        | 0.8654                 | 0.004229     | 1273.67 | -480179.300474 |
| ROSEUSDT      | 0.0004653     | 0.0007409   | 0.04089      | 95.67         | 0.01081      | 0.01332     | 0.03827        | 0.9141                 | 0.006517     | 579.88  | -480179.300465 |
| WOOUSDT       | 0.0004624     | 0.0006117   | 0.03794      | 92.7          | 0.01657      | 0.017       | 0.04838        | 0.893                  | 0.005814     | 481.88  | -480179.300462 |
| LITUSDT       | 0.0004565     | 0.0008033   | 0.02867      | 89.08         | 0.01995      | 0.01884     | 0.06214        | 0.8648                 | 0.006191     | 895.71  | -480179.300456 |
| CKBUSDT       | 0.000456      | 0.001256    | 0.0665       | 72.18         | 0.01043      | 0.00929     | 0.001175       | 0.9629                 | 0.003642     | 155.5   | -480179.300456 |
| RADUSDT       | 0.0004494     | 0.00081     | 0.06745      | 79.75         | 0.01268      | 0.01367     | 0.03108        | 0.912                  | 0.007978     | 84.5    | -480179.300449 |
| ZILUSDT       | 0.0004483     | 0.0009063   | 0.03274      | 61.0          | 0.009054     | 0.0142      | 0.05863        | 0.7874                 | 0.008666     | 1140.62 | -480179.300448 |
| SFPUSDT       | 0.000447      | 0.0009592   | 0.02525      | 42.03         | 0.009452     | 0.01924     | 0.05281        | 0.7591                 | 0.0112       | 889.71  | -480179.300447 |
| VETUSDT       | 0.0004408     | 0.00141     | 0.02227      | 94.55         | 0.009343     | 0.00859     | 0.05337        | 0.9038                 | 0.003354     | 1264.67 | -480179.300441 |
| IDUSDT        | 0.0004369     | 0.0007161   | 0.05706      | 70.25         | 0.01712      | 0.01923     | 0.0            | 0.9251                 | 0.009163     | 132.42  | -480179.300437 |
| SSVUSDT       | 0.0004276     | 0.0008939   | 0.04779      | 88.9          | 0.01396      | 0.01147     | 0.02389        | 0.9437                 | 0.004856     | 159.5   | -480179.300428 |
| HIGHUSDT      | 0.0004264     | 0.0007262   | 0.03382      | 57.83         | 0.01816      | 0.01825     | 0.0            | 0.9368                 | 0.006799     | 176.92  | -480179.300426 |
| BLUEBIRDUSDT  | 0.0004206     | 0.0005911   | 0.05072      | 82.62         | 0.006253     | 0.006408    | 0.0            | 0.9805                 | 0.001524     | 273.5   | -480179.300421 |
| IOTAUSDT      | 0.0004182     | 0.0009763   | 0.0323       | 84.8          | 0.0103       | 0.01053     | 0.02627        | 0.8393                 | 0.00519      | 1266.67 | -480179.300418 |
| MAGICUSDT     | 0.000412      | 0.001031    | 0.04023      | 65.95         | 0.01137      | 0.01158     | 0.03966        | 0.9266                 | 0.006622     | 189.88  | -480179.300412 |
| OGNUSDT       | 0.0004112     | 0.0008988   | 0.04223      | 83.72         | 0.01798      | 0.01895     | 0.03782        | 0.8192                 | 0.008675     | 852.71  | -480179.300411 |
| XVSUSDT       | 0.0003971     | 0.0004291   | 0.03585      | 69.63         | 0.01588      | 0.01661     | 0.0            | 0.9351                 | 0.005653     | 111.92  | -480179.300397 |
| API3USDT      | 0.0003949     | 0.0008528   | 0.03981      | 82.07         | 0.0107       | 0.009845    | 0.01713        | 0.9209                 | 0.004146     | 526.88  | -480179.300395 |
| ENSUSDT       | 0.0003934     | 0.0009072   | 0.04006      | 88.05         | 0.01166      | 0.01239     | 0.007122       | 0.8817                 | 0.004955     | 610.88  | -480179.300393 |
| TRUUSDT       | 0.0003871     | 0.0008051   | 0.03315      | 52.35         | 0.01155      | 0.01112     | 0.01113        | 0.939                  | 0.004338     | 148.5   | -480179.300387 |
| CVXUSDT       | 0.0003825     | 0.0006519   | 0.06687      | 80.88         | 0.01136      | 0.01091     | 0.03538        | 0.8928                 | 0.006487     | 314.5   | -480179.300382 |
| BTCUSDT       | 0.0003731     | 0.0007472   | 0.06375      | 95.43         | 0.007378     | 0.009562    | 0.05801        | 0.8775                 | 0.005524     | 1309.0  | -480179.300373 |
| FOOTBALLUSDT  | 0.0003704     | 0.0007475   | 0.03928      | 93.98         | 0.009455     | 0.008946    | 0.008244       | 0.9512                 | 0.003513     | 335.88  | -480179.30037  |
| JOEUSDT       | 0.0003688     | 0.001046    | 0.03777      | 45.38         | 0.01504      | 0.013       | 0.001887       | 0.9555                 | 0.003507     | 126.5   | -480179.300369 |
| AMBUSDT       | 0.0003658     | 0.000591    | 0.06458      | 80.4          | 0.01784      | 0.01965     | 0.0459         | 0.8715                 | 0.01076      | 125.5   | -480179.300366 |
| XEMUSDT       | 0.0003634     | 0.000815    | 0.04107      | 71.62         | 0.01195      | 0.01054     | 0.07353        | 0.8985                 | 0.004315     | 882.71  | -480179.300363 |
| ANTUSDT       | 0.0003593     | 0.000554    | 0.03658      | 82.62         | 0.01222      | 0.01032     | 0.05482        | 0.9313                 | 0.002993     | 583.83  | -480179.300359 |
| BALUSDT       | 0.0003577     | 0.0007735   | 0.05208      | 81.87         | 0.01346      | 0.01734     | 0.05038        | 0.8357                 | 0.009864     | 1065.71 | -480179.300358 |
| ALGOUSDT      | 0.0003503     | 0.0008687   | 0.02791      | 69.82         | 0.008289     | 0.009027    | 0.01863        | 0.8534                 | 0.004726     | 1142.62 | -480179.30035  |
| ADAUSDT       | 0.0003476     | 0.0006773   | 0.02864      | 67.93         | 0.009091     | 0.01466     | 0.09901        | 0.8354                 | 0.009347     | 1278.67 | -480179.300348 |
| DYDXUSDT      | 0.0003447     | 0.0007129   | 0.02683      | 73.63         | 0.0141       | 0.01285     | 0.01052        | 0.9198                 | 0.004088     | 691.88  | -480179.300345 |
| ACHUSDT       | 0.000342      | 0.0007659   | 0.03164      | 60.98         | 0.01218      | 0.0134      | 0.009528       | 0.9332                 | 0.005721     | 161.42  | -480179.300342 |
| BATUSDT       | 0.0003382     | 0.000742    | 0.03672      | 93.22         | 0.01552      | 0.01617     | 0.02812        | 0.8586                 | 0.005784     | 1265.67 | -480179.300338 |
| KNCUSDT       | 0.0003369     | 0.0005963   | 0.03641      | 89.47         | 0.01718      | 0.01789     | 0.0486         | 0.8048                 | 0.007132     | 1136.67 | -480179.300337 |
| DASHUSDT      | 0.0003223     | 0.0006779   | 0.02728      | 94.8          | 0.01608      | 0.01634     | 0.008254       | 0.9129                 | 0.003945     | 1274.67 | -480179.300322 |
| FLMUSDT       | 0.0003199     | 0.0006407   | 0.03554      | 84.13         | 0.01784      | 0.01994     | 0.04887        | 0.8258                 | 0.007304     | 1037.71 | -480179.30032  |
| ETHUSDT       | 0.0003156     | 0.0007422   | 0.02471      | 92.27         | 0.007716     | 0.007257    | 0.05719        | 0.9312                 | 0.001984     | 1309.0  | -480179.300316 |
| BNXUSDT       | 0.0003104     | 0.0006247   | 0.02871      | 84.1          | 0.01388      | 0.01469     | 0.0            | 0.957                  | 0.003948     | 161.42  | -480179.30031  |
| 1000FLOKIUSDT | 0.0003036     | 0.0005353   | 0.02256      | 46.73         | 0.01171      | 0.0102      | 0.0            | 0.9871                 | 0.001494     | 88.33   | -480179.300304 |
| ONTUSDT       | 0.0003009     | 0.0006503   | 0.03407      | 90.07         | 0.0153       | 0.0168      | 0.006865       | 0.9244                 | 0.004509     | 1267.67 | -480179.300301 |
| TUSDT         | 0.0002792     | 0.0004026   | 0.04058      | 77.03         | 0.01554      | 0.01675     | 0.0            | 0.9259                 | 0.007454     | 182.46  | -480179.300279 |
| FXSUSDT       | 0.0002609     | 0.0003664   | 0.02567      | 68.23         | 0.01632      | 0.01315     | 0.0            | 0.9737                 | 0.001845     | 194.88  | -480179.300261 |
| TLMUSDT       | 0.0002578     | 0.0003466   | 0.01186      | 33.97         | 0.006572     | 0.005699    | 0.0            | 0.9957                 | 0.0003766    | 125.5   | -480179.300258 |
| ARUSDT        | 0.0002566     | 0.0008576   | 0.04067      | 81.9          | 0.01178      | 0.01115     | 0.05592        | 0.8768                 | 0.006056     | 673.88  | -480179.300257 |
| DARUSDT       | 0.0002566     | 0.0005591   | 0.0271       | 71.38         | 0.01285      | 0.01179     | 0.008968       | 0.9321                 | 0.003507     | 460.88  | -480179.300257 |
| TRXUSDT       | 0.0002551     | 0.0009172   | 0.03557      | 88.3          | 0.01021      | 0.01234     | 0.04908        | 0.8812                 | 0.005678     | 1294.67 | -480179.300255 |
| ENJUSDT       | 0.0002493     | 0.0008298   | 0.05087      | 78.33         | 0.01144      | 0.01812     | 0.09784        | 0.8264                 | 0.0121       | 1037.71 | -480179.300249 |
| TRBUSDT       | 0.0002282     | 0.0005261   | 0.01656      | 93.03         | 0.01969      | 0.01737     | 0.0            | 0.9362                 | 0.002906     | 1063.71 | -480179.300228 |
| BNBUSDT       | 0.0001775     | 0.000496    | 0.02708      | 90.02         | 0.01195      | 0.01437     | 0.0            | 0.9337                 | 0.003412     | 1268.67 | -480179.300178 |
| STORJUSDT     | 0.0001266     | 0.0007006   | 0.0321       | 70.83         | 0.01551      | 0.01732     | 0.06331        | 0.8716                 | 0.008826     | 1050.71 | -480179.300127 |
| COCOSUSDT     | 5.534e-05     | 0.0004867   | 0.05066      | 68.6          | 0.0111       | 0.01323     | 0.01535        | 0.9513                 | 0.004648     | 162.42  | -480179.300055 |
| USDCUSDT      | 8.552e-08     | 8.552e-07   | 0.01291      | 56.17         | 0.001753     | 0.0008868   | 0.0            | 1.0                    | 1.419e-05    | 143.29  | -480179.3      |
| RENUSDT       | 0.0004859     | 0.0009055   | 0.03431      | 61.97         | 0.01634      | 0.02001     | 0.02378        | 0.8049                 | 0.008463     | 1023.71 | -480179.164296 |
| LINAUSDT      | 0.0007499     | 0.001084    | 0.04245      | 86.92         | 0.01878      | 0.02088     | 0.06759        | 0.7874                 | 0.01114      | 865.71  | -480170.521083 |
| APTUSDT       | 0.0003302     | 0.0006682   | 0.04728      | 98.88         | 0.01521      | 0.01506     | 0.02556        | 0.896                  | 0.007156     | 287.92  | -479890.966997 |
| QTUMUSDT      | 0.0006539     | 0.001144    | 0.05972      | 100.6         | 0.01372      | 0.01805     | 0.06215        | 0.7802                 | 0.009889     | 1258.67 | -479719.300654 |
| PERPUSDT      | 0.0002318     | 0.0003492   | 0.03379      | 103.1         | 0.01723      | 0.01517     | 0.0            | 0.9613                 | 0.002691     | 149.5   | -479470.966898 |
| APEUSDT       | 0.0005774     | 0.0009576   | 0.03008      | 103.6         | 0.009127     | 0.008066    | 0.003477       | 0.9656                 | 0.002449     | 503.38  | -479420.967244 |
| ATAUSDT       | 0.000692      | 0.001187    | 0.07299      | 104.2         | 0.014        | 0.01961     | 0.09601        | 0.8078                 | 0.01327      | 701.88  | -479360.937455 |
| IOTXUSDT      | 0.0002547     | 0.0004564   | 0.03389      | 107.1         | 0.01473      | 0.01557     | 0.05398        | 0.8854                 | 0.007489     | 720.88  | -479067.633588 |
| XTZUSDT       | 0.0007501     | 0.00181     | 0.06163      | 110.8         | 0.01238      | 0.01584     | 0.03491        | 0.8041                 | 0.008927     | 1272.67 | -478695.967417 |
| PEOPLEUSDT    | 0.0004095     | 0.0007874   | 0.02996      | 113.4         | 0.0138       | 0.01448     | 0.0            | 0.9356                 | 0.003186     | 586.83  | -478437.633743 |
| GTCUSDT       | 0.0001645     | 0.0005826   | 0.05151      | 88.38         | 0.01731      | 0.01808     | 0.1176         | 0.8685                 | 0.01004      | 782.88  | -478419.841884 |
| JASMYUSDT     | 0.0004979     | 0.0007422   | 0.02741      | 115.6         | 0.01287      | 0.0121      | 0.0            | 0.9627                 | 0.002055     | 469.88  | -478215.967165 |
| KAVAUSDT      | 0.000357      | 0.0007559   | 0.03648      | 116.3         | 0.02322      | 0.01753     | 0.09976        | 0.8972                 | 0.00393      | 1100.71 | -478142.751667 |
| MASKUSDT      | 0.000247      | 0.0003982   | 0.02901      | 129.6         | 0.02219      | 0.0207      | 0.02689        | 0.8684                 | 0.006727     | 705.88  | -476813.456511 |
| 1000XECUSDT   | 0.0002845     | 0.0005191   | 0.0448       | 81.9          | 0.01118      | 0.01939     | 0.1391         | 0.86                   | 0.01333      | 684.88  | -476265.795882 |
| C98USDT       | 0.0002469     | 0.0005576   | 0.03588      | 144.8         | 0.01515      | 0.01394     | 0.02647        | 0.9069                 | 0.005829     | 708.88  | -475297.63358  |
| EOSUSDT       | 0.0004081     | 0.0006443   | 0.02825      | 148.5         | 0.0131       | 0.01465     | 0.01272        | 0.7727                 | 0.005582     | 1301.67 | -474932.633741 |
| NEOUSDT       | 0.0003905     | 0.0006313   | 0.03407      | 149.6         | 0.01726      | 0.01805     | 0.01373        | 0.8117                 | 0.00559      | 1261.67 | -474820.967057 |
| LPTUSDT       | -3.253e-05    | 0.0003961   | 0.04687      | 84.3          | 0.01755      | 0.02021     | 0.1541         | 0.8586                 | 0.01202      | 629.88  | -474762.292701 |
| FLOWUSDT      | 0.0002035     | 0.0002429   | 0.02239      | 150.9         | 0.01993      | 0.01807     | 0.0002092      | 0.9212                 | 0.003771     | 538.88  | -474690.96687  |
| BLZUSDT       | 0.0005502     | 0.0009812   | 0.04976      | 153.9         | 0.01831      | 0.01996     | 0.06837        | 0.864                  | 0.009108     | 1049.71 | -474385.967217 |
| BTCDOMUSDT    | 8.463e-05     | 0.0001706   | 0.08254      | 178.8         | 0.01042      | 0.009872    | 0.0217         | 0.9428                 | 0.003667     | 772.88  | -471900.841328 |
| SANDUSDT      | 0.0004349     | 0.0008583   | 0.03365      | 184.3         | 0.01711      | 0.01717     | 0.06718        | 0.8363                 | 0.006682     | 919.71  | -471345.967102 |
| BAKEUSDT      | 0.0001775     | 0.0003228   | 0.06931      | 141.3         | 0.0245       | 0.02982     | 0.355          | 0.7705                 | 0.01745      | 805.71  | -450049.660609 |
| GMTUSDT       | 0.0001263     | 0.0002913   | 0.06737      | 258.2         | 0.03188      | 0.03474     | 0.2379         | 0.8153                 | 0.0165       | 505.83  | -450008.842078 |
| KLAYUSDT      | 0.0002311     | 0.0001568   | 0.06389      | 284.9         | 0.02221      | 0.02686     | 0.5177         | 0.7887                 | 0.01651      | 659.88  | -419451.975562 |
+---------------+---------------+-------------+--------------+---------------+--------------+-------------+----------------+------------------------+--------------+---------+----------------+

+---------------------------------------------------------------------------------------------------------------------------------------------------------------------------------------------+
|                                                                                            short                                                                                            |
+---------------+---------------+-------------+--------------+---------------+--------------+-------------+----------------+------------------------+--------------+---------+----------------+
| symbol        | adg_w_per_exp | adg_per_exp | exp_rts_mean | hrs_stuck_max | pa_dist_mean | pa_dist_std | loss_profit_rt | eqbal_rt_10_worst_mean | eqbal_rt_std | n_days  | score          |
+---------------+---------------+-------------+--------------+---------------+--------------+-------------+----------------+------------------------+--------------+---------+----------------+
| LQTYUSDT      | 0.002673      | 0.002879    | 0.04611      | 58.92         | 0.008052     | 0.008867    | 0.003139       | 0.9364                 | 0.004351     | 145.5   | -230179.302673 |
| TOMOUSDT      | 0.002036      | 0.001421    | 0.06521      | 92.75         | 0.01921      | 0.01988     | 0.08832        | 0.7648                 | 0.01146      | 1024.71 | -230179.302036 |
| ASTRUSDT      | 0.001855      | 0.001336    | 0.0472       | 85.83         | 0.008087     | 0.01208     | 0.07591        | 0.8517                 | 0.009617     | 169.92  | -230179.301855 |
| ANKRUSDT      | 0.001754      | 0.00325     | 0.06889      | 94.3          | 0.01075      | 0.01751     | 0.01772        | 0.7182                 | 0.01371      | 918.71  | -230179.301754 |
| STMXUSDT      | 0.001733      | 0.001817    | 0.06949      | 59.63         | 0.01056      | 0.01344     | 0.06938        | 0.7687                 | 0.01191      | 862.71  | -230179.301733 |
| MINAUSDT      | 0.001681      | 0.001719    | 0.03446      | 53.33         | 0.007781     | 0.00752     | 0.0007291      | 0.9469                 | 0.002871     | 176.54  | -230179.301681 |
| LUNA2USDT     | 0.00159       | 0.002083    | 0.03785      | 86.17         | 0.006561     | 0.009213    | 0.0            | 0.9311                 | 0.003464     | 326.88  | -230179.30159  |
| CELOUSDT      | 0.00141       | 0.001261    | 0.05432      | 75.73         | 0.01203      | 0.01482     | 0.09848        | 0.8322                 | 0.01183      | 674.88  | -230179.30141  |
| KEYUSDT       | 0.00141       | 0.002575    | 0.05832      | 72.05         | 0.01052      | 0.01249     | 0.0            | 0.9358                 | 0.006078     | 70.5    | -230179.30141  |
| XVSUSDT       | 0.001404      | 0.001974    | 0.03595      | 89.2          | 0.006186     | 0.004612    | 0.0004916      | 0.9793                 | 0.001693     | 111.92  | -230179.301404 |
| UMAUSDT       | 0.001352      | 0.001171    | 0.03249      | 64.52         | 0.006016     | 0.004655    | 0.001284       | 0.9775                 | 0.001929     | 84.5    | -230179.301352 |
| COMBOUSDT     | 0.001342      | 0.002017    | 0.01611      | 42.2          | 0.005555     | 0.004092    | 0.0            | 0.9936                 | 0.0006406    | 61.5    | -230179.301342 |
| OCEANUSDT     | 0.001311      | 0.001772    | 0.06981      | 76.6          | 0.0133       | 0.01514     | 0.08436        | 0.8071                 | 0.009344     | 1002.71 | -230179.301311 |
| HIGHUSDT      | 0.00131       | 0.002328    | 0.03898      | 64.03         | 0.008333     | 0.008611    | 0.008672       | 0.9268                 | 0.004448     | 176.92  | -230179.30131  |
| XEMUSDT       | 0.001287      | 0.00205     | 0.06968      | 71.13         | 0.009286     | 0.01632     | 0.03628        | 0.7408                 | 0.01508      | 882.71  | -230179.301287 |
| CELRUSDT      | 0.001279      | 0.002129    | 0.05715      | 67.62         | 0.01098      | 0.01924     | 0.09454        | 0.689                  | 0.01697      | 855.71  | -230179.301279 |
| JASMYUSDT     | 0.001277      | 0.002154    | 0.05219      | 68.77         | 0.007339     | 0.009929    | 0.02971        | 0.8542                 | 0.007538     | 469.88  | -230179.301277 |
| RDNTUSDT      | 0.001237      | 0.001895    | 0.0544       | 53.0          | 0.007636     | 0.006952    | 0.0            | 0.9697                 | 0.002742     | 119.5   | -230179.301237 |
| INJUSDT       | 0.001234      | 0.001805    | 0.06686      | 66.55         | 0.01305      | 0.01327     | 0.02877        | 0.9039                 | 0.005997     | 350.92  | -230179.301234 |
| CTSIUSDT      | 0.001223      | 0.001512    | 0.05456      | 82.05         | 0.01203      | 0.01522     | 0.06083        | 0.815                  | 0.01176      | 645.88  | -230179.301223 |
| TRUUSDT       | 0.001219      | 0.002596    | 0.03261      | 75.45         | 0.007263     | 0.01255     | 0.00651        | 0.8245                 | 0.01088      | 148.5   | -230179.301219 |
| ONTUSDT       | 0.001217      | 0.001782    | 0.06594      | 53.9          | 0.007664     | 0.01225     | 0.07814        | 0.8478                 | 0.009471     | 1267.67 | -230179.301217 |
| NKNUSDT       | 0.001211      | 0.001856    | 0.06935      | 69.65         | 0.01322      | 0.01989     | 0.09862        | 0.6962                 | 0.01598      | 844.71  | -230179.301211 |
| ZRXUSDT       | 0.00121       | 0.002006    | 0.06604      | 67.32         | 0.01174      | 0.01771     | 0.05145        | 0.6347                 | 0.01479      | 1134.62 | -230179.30121  |
| RSRUSDT       | 0.001202      | 0.0024      | 0.06576      | 79.63         | 0.01385      | 0.01969     | 0.08258        | 0.7614                 | 0.01695      | 1017.71 | -230179.301202 |
| AGIXUSDT      | 0.001193      | 0.002209    | 0.06081      | 41.6          | 0.01075      | 0.01313     | 0.0            | 0.9459                 | 0.004939     | 167.42  | -230179.301193 |
| 1000LUNCUSDT  | 0.00119       | 0.002057    | 0.04621      | 86.1          | 0.007728     | 0.01528     | 0.02236        | 0.806                  | 0.0118       | 327.46  | -230179.30119  |
| SUIUSDT       | 0.00118       | 0.001681    | 0.05703      | 37.27         | 0.008238     | 0.01031     | 0.04103        | 0.9501                 | 0.005058     | 91.33   | -230179.30118  |
| GRTUSDT       | 0.001179      | 0.002158    | 0.06665      | 90.95         | 0.01513      | 0.01787     | 0.05129        | 0.6489                 | 0.01683      | 956.71  | -230179.301179 |
| GALUSDT       | 0.001178      | 0.002569    | 0.06114      | 62.82         | 0.00919      | 0.01253     | 0.03796        | 0.8691                 | 0.007813     | 454.42  | -230179.301178 |
| TUSDT         | 0.001159      | 0.001477    | 0.03266      | 53.23         | 0.005135     | 0.008888    | 0.05459        | 0.9006                 | 0.006189     | 182.46  | -230179.301159 |
| REEFUSDT      | 0.001147      | 0.002059    | 0.06973      | 85.78         | 0.01173      | 0.01425     | 0.05876        | 0.8103                 | 0.01028      | 891.71  | -230179.301147 |
| HOOKUSDT      | 0.001135      | 0.002279    | 0.06847      | 57.85         | 0.01105      | 0.01185     | 0.01779        | 0.9171                 | 0.007414     | 191.88  | -230179.301135 |
| SUSHIUSDT     | 0.001118      | 0.002563    | 0.06813      | 64.18         | 0.01112      | 0.01555     | 0.03788        | 0.7122                 | 0.01291      | 1062.71 | -230179.301118 |
| LITUSDT       | 0.001114      | 0.001968    | 0.06761      | 90.37         | 0.01545      | 0.01964     | 0.06857        | 0.6408                 | 0.01573      | 895.71  | -230179.301114 |
| WOOUSDT       | 0.001109      | 0.001498    | 0.05696      | 71.55         | 0.008575     | 0.01063     | 0.02442        | 0.8748                 | 0.007489     | 481.88  | -230179.301109 |
| ZENUSDT       | 0.001062      | 0.001846    | 0.06993      | 95.22         | 0.01492      | 0.01771     | 0.02836        | 0.6732                 | 0.01415      | 981.71  | -230179.301062 |
| SSVUSDT       | 0.001043      | 0.002043    | 0.04631      | 80.08         | 0.007254     | 0.007263    | 0.0            | 0.9323                 | 0.004224     | 159.5   | -230179.301043 |
| EDUUSDT       | 0.001041      | 0.002378    | 0.06524      | 79.72         | 0.01056      | 0.01843     | 0.05168        | 0.871                  | 0.0152       | 94.5    | -230179.301041 |
| AMBUSDT       | 0.001032      | 0.001995    | 0.02504      | 63.57         | 0.007467     | 0.006776    | 0.0            | 0.9852                 | 0.001096     | 125.5   | -230179.301032 |
| SXPUSDT       | 0.001031      | 0.001455    | 0.03846      | 61.27         | 0.01102      | 0.01143     | 0.05558        | 0.9274                 | 0.00339      | 1107.62 | -230179.301031 |
| SPELLUSDT     | 0.00102       | 0.001647    | 0.04866      | 78.97         | 0.00709      | 0.00991     | 0.0279         | 0.8863                 | 0.008417     | 330.5   | -230179.30102  |
| DGBUSDT       | 0.001019      | 0.001648    | 0.06862      | 79.2          | 0.009908     | 0.0139      | 0.08847        | 0.7253                 | 0.01182      | 832.88  | -230179.301019 |
| FLMUSDT       | 0.001019      | 0.0006049   | 0.01851      | 95.35         | 0.01884      | 0.01461     | 0.002525       | 0.8759                 | 0.003659     | 1037.71 | -230179.301019 |
| 1000PEPEUSDT  | 0.001015      | 0.002356    | 0.02148      | 38.25         | 0.00697      | 0.007085    | 0.0            | 0.9753                 | 0.002075     | 89.33   | -230179.301015 |
| BNXUSDT       | 0.001001      | 0.002376    | 0.05591      | 71.33         | 0.007383     | 0.01032     | 0.01081        | 0.8828                 | 0.008363     | 161.42  | -230179.301001 |
| PHBUSDT       | 0.0009974     | 0.001616    | 0.052        | 83.28         | 0.01083      | 0.01417     | 0.02924        | 0.8707                 | 0.01051      | 167.42  | -230179.300997 |
| RLCUSDT       | 0.0009868     | 0.001738    | 0.06945      | 86.72         | 0.01577      | 0.01574     | 0.03965        | 0.811                  | 0.01045      | 1097.71 | -230179.300987 |
| RENUSDT       | 0.0009727     | 0.001383    | 0.0663       | 93.6          | 0.01948      | 0.01979     | 0.04788        | 0.7322                 | 0.0144       | 1023.71 | -230179.300973 |
| BLURUSDT      | 0.0009482     | 0.001604    | 0.04936      | 49.7          | 0.007989     | 0.009746    | 0.0            | 0.9751                 | 0.00267      | 96.5    | -230179.300948 |
| LINAUSDT      | 0.0009447     | 0.0007418   | 0.03051      | 87.07         | 0.01973      | 0.01942     | 0.02158        | 0.7634                 | 0.009841     | 865.71  | -230179.300945 |
| IDEXUSDT      | 0.0009241     | 0.001377    | 0.04799      | 43.55         | 0.008448     | 0.009931    | 0.0            | 0.9723                 | 0.002734     | 91.5    | -230179.300924 |
| LEVERUSDT     | 0.0009192     | 0.001538    | 0.05203      | 79.73         | 0.008373     | 0.008261    | 0.0            | 0.9796                 | 0.002166     | 125.5   | -230179.300919 |
| BLZUSDT       | 0.0009177     | 0.001749    | 0.06562      | 95.53         | 0.01519      | 0.0159      | 0.05144        | 0.7914                 | 0.01158      | 1049.71 | -230179.300918 |
| HOTUSDT       | 0.0009096     | 0.001973    | 0.07         | 88.23         | 0.01126      | 0.0155      | 0.0577         | 0.8144                 | 0.009824     | 854.71  | -230179.30091  |
| HFTUSDT       | 0.0009093     | 0.001114    | 0.06552      | 48.43         | 0.009918     | 0.01059     | 0.0            | 0.9768                 | 0.00296      | 118.5   | -230179.300909 |
| APEUSDT       | 0.0009024     | 0.001531    | 0.05071      | 81.92         | 0.01092      | 0.01676     | 0.09839        | 0.7539                 | 0.0123       | 503.38  | -230179.300902 |
| SKLUSDT       | 0.0008938     | 0.00211     | 0.05729      | 62.7          | 0.01418      | 0.01497     | 0.05809        | 0.7954                 | 0.007772     | 967.71  | -230179.300894 |
| RADUSDT       | 0.0008809     | 0.001809    | 0.02515      | 53.15         | 0.005503     | 0.004176    | 0.0            | 0.9917                 | 0.0008038    | 84.5    | -230179.300881 |
| NEOUSDT       | 0.0008759     | 0.001232    | 0.068        | 91.92         | 0.01096      | 0.01334     | 0.04622        | 0.8408                 | 0.0091       | 1261.67 | -230179.300876 |
| FLOWUSDT      | 0.0008736     | 0.001121    | 0.05087      | 85.12         | 0.01168      | 0.01261     | 0.009779       | 0.9029                 | 0.004874     | 538.88  | -230179.300874 |
| CTKUSDT       | 0.0008393     | 0.002304    | 0.06971      | 87.38         | 0.01092      | 0.01689     | 0.0466         | 0.5928                 | 0.01376      | 986.71  | -230179.300839 |
| ICXUSDT       | 0.0008383     | 0.0009775   | 0.04554      | 88.43         | 0.01955      | 0.01985     | 0.06356        | 0.7122                 | 0.009167     | 1051.71 | -230179.300838 |
| 1000FLOKIUSDT | 0.000837      | 0.001777    | 0.01816      | 39.32         | 0.003593     | 0.003775    | 0.0            | 0.9885                 | 0.001056     | 88.33   | -230179.300837 |
| BELUSDT       | 0.0008314     | 0.001194    | 0.03837      | 65.55         | 0.01241      | 0.0179      | 0.0178         | 0.6594                 | 0.01182      | 987.71  | -230179.300831 |
| MANAUSDT      | 0.0008283     | 0.001743    | 0.05352      | 94.43         | 0.01458      | 0.01211     | 0.02176        | 0.7432                 | 0.009524     | 870.71  | -230179.300828 |
| HBARUSDT      | 0.0008234     | 0.001553    | 0.06928      | 92.5          | 0.0141       | 0.01741     | 0.03925        | 0.8259                 | 0.008071     | 867.71  | -230179.300823 |
| 1INCHUSDT     | 0.0008112     | 0.001522    | 0.06659      | 94.8          | 0.01829      | 0.01814     | 0.02005        | 0.7902                 | 0.009787     | 950.58  | -230179.300811 |
| ACHUSDT       | 0.0007956     | 0.001853    | 0.0364       | 54.48         | 0.007147     | 0.007245    | 0.0            | 0.9503                 | 0.00294      | 161.42  | -230179.300796 |
| ATAUSDT       | 0.0007906     | 0.001961    | 0.05591      | 87.23         | 0.0109       | 0.01236     | 0.02202        | 0.835                  | 0.008822     | 701.88  | -230179.300791 |
| EOSUSDT       | 0.0007883     | 0.001263    | 0.06792      | 90.9          | 0.01161      | 0.01585     | 0.0552         | 0.6887                 | 0.01361      | 1301.67 | -230179.300788 |
| ZILUSDT       | 0.000787      | 0.001277    | 0.05296      | 65.23         | 0.01239      | 0.01133     | 0.08503        | 0.8207                 | 0.00878      | 1140.62 | -230179.300787 |
| TRBUSDT       | 0.0007792     | 0.001553    | 0.06688      | 86.37         | 0.01359      | 0.01875     | 0.08246        | 0.6794                 | 0.01461      | 1063.71 | -230179.300779 |
| UNIUSDT       | 0.0007767     | 0.001597    | 0.04963      | 76.2          | 0.01025      | 0.01521     | 0.0555         | 0.6306                 | 0.0134       | 1048.71 | -230179.300777 |
| ONEUSDT       | 0.0007741     | 0.001527    | 0.05928      | 79.17         | 0.01488      | 0.01855     | 0.062          | 0.7754                 | 0.01234      | 866.71  | -230179.300774 |
| PERPUSDT      | 0.0007651     | 0.0009972   | 0.05787      | 78.85         | 0.009649     | 0.009665    | 0.0            | 0.9701                 | 0.003126     | 149.5   | -230179.300765 |
| COTIUSDT      | 0.000764      | 0.001348    | 0.04472      | 87.87         | 0.01207      | 0.01396     | 0.06199        | 0.7353                 | 0.009013     | 875.71  | -230179.300764 |
| FETUSDT       | 0.000763      | 0.001417    | 0.02662      | 86.03         | 0.01084      | 0.009808    | 0.001803       | 0.9293                 | 0.003685     | 197.92  | -230179.300763 |
| FOOTBALLUSDT  | 0.0007471     | 0.00118     | 0.04913      | 86.67         | 0.006931     | 0.008752    | 0.004134       | 0.943                  | 0.00294      | 335.88  | -230179.300747 |
| CHZUSDT       | 0.0007452     | 0.001793    | 0.06263      | 71.78         | 0.01213      | 0.01581     | 0.03366        | 0.7183                 | 0.01279      | 923.71  | -230179.300745 |
| ZECUSDT       | 0.0007403     | 0.00129     | 0.06987      | 93.87         | 0.01484      | 0.01586     | 0.02467        | 0.752                  | 0.01107      | 1273.67 | -230179.30074  |
| ICPUSDT       | 0.00072       | 0.0009708   | 0.05169      | 64.07         | 0.007945     | 0.00805     | 0.02189        | 0.9346                 | 0.00447      | 309.92  | -230179.30072  |
| NEARUSDT      | 0.0007089     | 0.001471    | 0.0697       | 94.23         | 0.01812      | 0.01768     | 0.04811        | 0.8339                 | 0.009449     | 1021.67 | -230179.300709 |
| SNXUSDT       | 0.0007016     | 0.000811    | 0.03492      | 94.02         | 0.01987      | 0.01806     | 0.03274        | 0.8757                 | 0.005235     | 1083.71 | -230179.300702 |
| CRVUSDT       | 0.0007007     | 0.001457    | 0.05795      | 87.15         | 0.01482      | 0.01919     | 0.06816        | 0.7249                 | 0.01453      | 1065.71 | -230179.300701 |
| SANDUSDT      | 0.0006964     | 0.001679    | 0.05964      | 84.0          | 0.01457      | 0.01961     | 0.05866        | 0.7246                 | 0.01412      | 919.71  | -230179.300696 |
| ENJUSDT       | 0.0006911     | 0.001494    | 0.06416      | 62.93         | 0.01549      | 0.01882     | 0.08848        | 0.7701                 | 0.01239      | 1037.71 | -230179.300691 |
| KAVAUSDT      | 0.0006883     | 0.000673    | 0.03497      | 93.32         | 0.01806      | 0.01825     | 0.06027        | 0.7979                 | 0.008472     | 1100.71 | -230179.300688 |
| CKBUSDT       | 0.0006827     | 0.001415    | 0.06862      | 82.07         | 0.01105      | 0.01064     | 0.006949       | 0.9363                 | 0.004821     | 155.5   | -230179.300683 |
| YFIUSDT       | 0.000675      | 0.001354    | 0.04072      | 87.18         | 0.01371      | 0.01387     | 0.06946        | 0.7267                 | 0.01121      | 1066.71 | -230179.300675 |
| KSMUSDT       | 0.0006734     | 0.001516    | 0.06889      | 73.82         | 0.01094      | 0.01703     | 0.07073        | 0.8031                 | 0.01403      | 1022.71 | -230179.300673 |
| CHRUSDT       | 0.0006703     | 0.001891    | 0.06963      | 82.42         | 0.0122       | 0.01763     | 0.0554         | 0.6341                 | 0.01632      | 873.71  | -230179.30067  |
| GMXUSDT       | 0.0006644     | 0.0009748   | 0.06934      | 60.78         | 0.008795     | 0.008066    | 0.02956        | 0.9468                 | 0.004552     | 166.42  | -230179.300664 |
| IDUSDT        | 0.0006552     | 0.001428    | 0.02371      | 54.22         | 0.008452     | 0.007458    | 0.0            | 0.9789                 | 0.001555     | 132.42  | -230179.300655 |
| LDOUSDT       | 0.0006516     | 0.001372    | 0.06586      | 66.02         | 0.01208      | 0.01521     | 0.05653        | 0.8694                 | 0.01168      | 314.5   | -230179.300652 |
| TLMUSDT       | 0.0006375     | 0.0009418   | 0.04069      | 63.0          | 0.006199     | 0.005226    | 0.002978       | 0.9594                 | 0.002853     | 125.5   | -230179.300638 |
| ALPHAUSDT     | 0.0006355     | 0.001017    | 0.04439      | 95.62         | 0.01795      | 0.01954     | 0.07146        | 0.7294                 | 0.01302      | 982.71  | -230179.300636 |
| DASHUSDT      | 0.0006329     | 0.0009671   | 0.06815      | 93.35         | 0.01586      | 0.01726     | 0.05534        | 0.628                  | 0.01236      | 1274.67 | -230179.300633 |
| THETAUSDT     | 0.0006324     | 0.001324    | 0.06087      | 75.6          | 0.0122       | 0.0128      | 0.06621        | 0.8125                 | 0.00834      | 1162.67 | -230179.300632 |
| DARUSDT       | 0.0006322     | 0.001118    | 0.03379      | 76.47         | 0.009373     | 0.01063     | 0.02767        | 0.8665                 | 0.005581     | 460.88  | -230179.300632 |
| ATOMUSDT      | 0.0006285     | 0.001378    | 0.06667      | 90.38         | 0.01199      | 0.01979     | 0.07692        | 0.7217                 | 0.01584      | 1271.5  | -230179.300628 |
| ALICEUSDT     | 0.0006242     | 0.001473    | 0.06397      | 83.68         | 0.01357      | 0.01868     | 0.04806        | 0.7882                 | 0.01327      | 868.88  | -230179.300624 |
| ENSUSDT       | 0.000616      | 0.001429    | 0.05005      | 82.75         | 0.009162     | 0.01394     | 0.09634        | 0.8073                 | 0.01166      | 610.88  | -230179.300616 |
| MATICUSDT     | 0.0006089     | 0.001695    | 0.05668      | 91.88         | 0.01239      | 0.01687     | 0.08083        | 0.7299                 | 0.01398      | 1014.71 | -230179.300609 |
| XTZUSDT       | 0.0006043     | 0.001216    | 0.05347      | 88.22         | 0.01234      | 0.01463     | 0.08956        | 0.7538                 | 0.01089      | 1272.67 | -230179.300604 |
| VETUSDT       | 0.0005845     | 0.001187    | 0.06118      | 80.47         | 0.01162      | 0.01968     | 0.08547        | 0.7539                 | 0.01665      | 1264.67 | -230179.300585 |
| LINKUSDT      | 0.0005644     | 0.001088    | 0.06702      | 83.43         | 0.01465      | 0.01305     | 0.07557        | 0.8617                 | 0.007209     | 1292.67 | -230179.300564 |
| BATUSDT       | 0.0005575     | 0.001054    | 0.06626      | 95.93         | 0.01703      | 0.0188      | 0.06088        | 0.6911                 | 0.00981      | 1265.67 | -230179.300558 |
| QTUMUSDT      | 0.0005547     | 0.0008721   | 0.04827      | 62.42         | 0.01271      | 0.01427     | 0.08183        | 0.7657                 | 0.008682     | 1258.67 | -230179.300555 |
| ETCUSDT       | 0.0005377     | 0.000923    | 0.03734      | 63.2          | 0.008692     | 0.01516     | 0.07292        | 0.7661                 | 0.0107       | 1293.67 | -230179.300538 |
| STGUSDT       | 0.000531      | 0.0008028   | 0.03788      | 86.42         | 0.008619     | 0.01359     | 0.08173        | 0.8211                 | 0.008928     | 342.5   | -230179.300531 |
| ALGOUSDT      | 0.0005234     | 0.001125    | 0.04944      | 91.25         | 0.01276      | 0.01296     | 0.02424        | 0.8817                 | 0.006219     | 1142.62 | -230179.300523 |
| LTCUSDT       | 0.0005158     | 0.0007474   | 0.04478      | 68.12         | 0.01137      | 0.009842    | 0.02249        | 0.8653                 | 0.004174     | 1300.67 | -230179.300516 |
| DOTUSDT       | 0.0005137     | 0.001093    | 0.05612      | 82.78         | 0.01296      | 0.01307     | 0.05367        | 0.8238                 | 0.008743     | 1075.71 | -230179.300514 |
| COMPUSDT      | 0.0005144     | 0.0006157   | 0.04418      | 92.82         | 0.01731      | 0.01938     | 0.08031        | 0.774                  | 0.01177      | 1128.62 | -230179.300514 |
| IMXUSDT       | 0.0005091     | 0.0007739   | 0.03463      | 48.68         | 0.01338      | 0.01478     | 0.08007        | 0.8083                 | 0.009577     | 537.88  | -230179.300509 |
| QNTUSDT       | 0.000501      | 0.0008764   | 0.05881      | 87.1          | 0.009307     | 0.01128     | 0.09135        | 0.9244                 | 0.008361     | 286.92  | -230179.300501 |
| IOTAUSDT      | 0.0005002     | 0.001005    | 0.04297      | 91.47         | 0.01295      | 0.01151     | 0.01298        | 0.8978                 | 0.004536     | 1266.67 | -230179.3005   |
| XMRUSDT       | 0.000498      | 0.001033    | 0.06366      | 95.48         | 0.00987      | 0.0105      | 0.04788        | 0.8814                 | 0.007938     | 1275.67 | -230179.300498 |
| BAKEUSDT      | 0.0004978     | 0.001011    | 0.04149      | 80.63         | 0.01668      | 0.01772     | 0.02116        | 0.8877                 | 0.00502      | 805.71  | -230179.300498 |
| BALUSDT       | 0.0004897     | 0.0008859   | 0.05888      | 93.8          | 0.01937      | 0.01942     | 0.03466        | 0.8639                 | 0.007328     | 1065.71 | -230179.30049  |
| ARBUSDT       | 0.0004884     | 0.0007413   | 0.05573      | 63.53         | 0.01404      | 0.01381     | 0.005675       | 0.9443                 | 0.005658     | 132.38  | -230179.300488 |
| AXSUSDT       | 0.0004814     | 0.001152    | 0.03613      | 80.58         | 0.01473      | 0.01487     | 0.02771        | 0.5906                 | 0.01361      | 985.71  | -230179.300481 |
| BANDUSDT      | 0.0004804     | 0.0008444   | 0.0345       | 95.02         | 0.01953      | 0.01963     | 0.02384        | 0.8769                 | 0.004111     | 1099.71 | -230179.30048  |
| JOEUSDT       | 0.000478      | 0.0008494   | 0.05232      | 53.73         | 0.01314      | 0.01113     | 0.005875       | 0.9413                 | 0.005292     | 126.5   | -230179.300478 |
| OGNUSDT       | 0.0004752     | 0.000792    | 0.02526      | 75.97         | 0.01548      | 0.01402     | 0.00744        | 0.8604                 | 0.005155     | 852.71  | -230179.300475 |
| STORJUSDT     | 0.0004653     | 0.0007933   | 0.03347      | 75.73         | 0.01809      | 0.01923     | 0.005947       | 0.8816                 | 0.005415     | 1050.71 | -230179.300465 |
| DEFIUSDT      | 0.0004405     | 0.0007843   | 0.06895      | 95.93         | 0.01771      | 0.0166      | 0.04894        | 0.8369                 | 0.008309     | 1069.71 | -230179.300441 |
| PEOPLEUSDT    | 0.0004296     | 0.00104     | 0.02923      | 85.73         | 0.01449      | 0.0122      | 0.01619        | 0.7627                 | 0.007962     | 586.83  | -230179.30043  |
| XRPUSDT       | 0.0004173     | 0.0007047   | 0.02611      | 85.45         | 0.008925     | 0.01269     | 0.01506        | 0.77                   | 0.007218     | 1303.67 | -230179.300417 |
| KNCUSDT       | 0.000413      | 0.0006789   | 0.03814      | 68.8          | 0.01457      | 0.0191      | 0.07582        | 0.7837                 | 0.01095      | 1136.67 | -230179.300413 |
| MTLUSDT       | 0.0004077     | 0.0004987   | 0.02421      | 93.58         | 0.0181       | 0.01983     | 0.0525         | 0.8276                 | 0.006576     | 853.71  | -230179.300408 |
| ROSEUSDT      | 0.0004023     | 0.0007364   | 0.02589      | 69.3          | 0.009619     | 0.01221     | 0.01584        | 0.8605                 | 0.006388     | 579.88  | -230179.300402 |
| FXSUSDT       | 0.0003873     | 0.000589    | 0.04953      | 95.1          | 0.01408      | 0.0169      | 0.0            | 0.9372                 | 0.00679      | 194.88  | -230179.300387 |
| RNDRUSDT      | 0.0003868     | 0.0008211   | 0.03757      | 77.93         | 0.01631      | 0.01674     | 0.02295        | 0.9675                 | 0.003462     | 180.92  | -230179.300387 |
| DYDXUSDT      | 0.0003853     | 0.000711    | 0.02577      | 61.9          | 0.01535      | 0.01357     | 0.002154       | 0.9385                 | 0.002807     | 691.88  | -230179.300385 |
| BCHUSDT       | 0.0003822     | 0.0004326   | 0.02438      | 79.67         | 0.01192      | 0.01211     | 0.003648       | 0.8975                 | 0.004185     | 1309.0  | -230179.300382 |
| 1000SHIBUSDT  | 0.0003728     | 0.0008826   | 0.02708      | 56.1          | 0.0082       | 0.01614     | 0.0962         | 0.7595                 | 0.01195      | 814.29  | -230179.300373 |
| IOSTUSDT      | 0.0003704     | 0.0007135   | 0.04392      | 79.85         | 0.01213      | 0.01989     | 0.08165        | 0.5953                 | 0.01568      | 1257.67 | -230179.30037  |
| ADAUSDT       | 0.0003509     | 0.0005739   | 0.03669      | 75.8          | 0.01343      | 0.01318     | 0.07601        | 0.8151                 | 0.007112     | 1278.67 | -230179.300351 |
| API3USDT      | 0.0003432     | 0.0007448   | 0.04675      | 68.77         | 0.01162      | 0.01592     | 0.06804        | 0.8624                 | 0.008987     | 526.88  | -230179.300343 |
| TRXUSDT       | 0.0003416     | 0.0007502   | 0.05871      | 85.85         | 0.01169      | 0.01285     | 0.02345        | 0.8872                 | 0.005812     | 1294.67 | -230179.300342 |
| AVAXUSDT      | 0.000333      | 0.0007483   | 0.04861      | 85.08         | 0.01919      | 0.01989     | 0.09385        | 0.8263                 | 0.007726     | 1043.71 | -230179.300333 |
| EGLDUSDT      | 0.0002924     | 0.0006093   | 0.03107      | 77.47         | 0.01346      | 0.01234     | 0.07336        | 0.8443                 | 0.005928     | 1052.71 | -230179.300292 |
| DENTUSDT      | 0.0002821     | 0.0005716   | 0.02969      | 87.7          | 0.01799      | 0.01654     | 0.09155        | 0.854                  | 0.007303     | 860.83  | -230179.300282 |
| OMGUSDT       | 0.0002739     | 0.0005162   | 0.02395      | 74.77         | 0.0131       | 0.009111    | 0.09844        | 0.9412                 | 0.001749     | 1126.62 | -230179.300274 |
| C98USDT       | 0.0002498     | 0.0005238   | 0.02725      | 95.08         | 0.0148       | 0.01644     | 0.07384        | 0.8265                 | 0.008836     | 708.88  | -230179.30025  |
| OPUSDT        | 0.000245      | 0.0003391   | 0.01616      | 57.67         | 0.01675      | 0.01567     | 0.0            | 0.9574                 | 0.002275     | 427.42  | -230179.300245 |
| RVNUSDT       | 0.0002411     | 0.000438    | 0.02488      | 93.32         | 0.01661      | 0.01959     | 0.06588        | 0.8549                 | 0.005974     | 890.71  | -230179.300241 |
| FILUSDT       | 0.0002401     | 0.0003754   | 0.01495      | 73.78         | 0.01151      | 0.009991    | 0.08354        | 0.9215                 | 0.002799     | 1020.75 | -230179.30024  |
| RUNEUSDT      | 0.0002315     | 0.0005536   | 0.02732      | 71.2          | 0.01942      | 0.01694     | 0.03615        | 0.795                  | 0.007644     | 1062.71 | -230179.300231 |
| MAGICUSDT     | 0.0002242     | 0.0005041   | 0.02343      | 86.62         | 0.01527      | 0.01517     | 0.05449        | 0.8736                 | 0.008502     | 189.88  | -230179.300224 |
| BLUEBIRDUSDT  | 0.0001996     | 0.0003466   | 0.03189      | 93.22         | 0.009255     | 0.009935    | 0.01576        | 0.9769                 | 0.001507     | 273.5   | -230179.3002   |
| BNBUSDT       | 0.0001815     | 0.000408    | 0.03481      | 93.1          | 0.01202      | 0.009753    | 0.06299        | 0.9288                 | 0.002485     | 1268.67 | -230179.300181 |
| STXUSDT       | 0.0001473     | 0.000277    | 0.01811      | 54.4          | 0.0154       | 0.0161      | 0.01325        | 0.9273                 | 0.004509     | 162.42  | -230179.300147 |
| 1000XECUSDT   | 0.0001411     | 0.0001618   | 0.008812     | 82.95         | 0.01316      | 0.01213     | 0.0            | 0.8976                 | 0.003101     | 684.88  | -230179.300141 |
| COCOSUSDT     | 0.0001397     | 0.001123    | 0.0233       | 46.77         | 0.0119       | 0.01491     | 0.013          | 0.8966                 | 0.005986     | 162.42  | -230179.30014  |
| USDCUSDT      | 5.032e-08     | 5.032e-07   | 0.01021      | 7.017         | 0.01423      | 0.001119    | 0.0            | 0.9998                 | 1.471e-05    | 143.29  | -230179.3      |
| AAVEUSDT      | 8.988e-05     | 0.0001691   | 0.0225       | 92.63         | 0.02071      | 0.01807     | 0.07574        | 0.8847                 | 0.005132     | 1020.71 | -230178.592776 |
| IOTXUSDT      | 0.0001774     | 0.0004336   | 0.02775      | 76.97         | 0.01925      | 0.02027     | 0.0            | 0.9546                 | 0.003372     | 720.88  | -230176.64562  |
| DUSKUSDT      | 0.0002696     | 0.0004316   | 0.02913      | 81.95         | 0.01986      | 0.02132     | 0.001147       | 0.9259                 | 0.004323     | 572.88  | -230166.0652   |
| APTUSDT       | 9.562e-05     | 0.0001598   | 0.01405      | 78.58         | 0.02404      | 0.0212      | 0.0            | 0.9529                 | 0.002834     | 287.92  | -230163.290218 |
| LPTUSDT       | 0.0002263     | 0.0003812   | 0.02635      | 88.33         | 0.01932      | 0.02208     | 0.0            | 0.9145                 | 0.004652     | 629.88  | -230158.528839 |
| GTCUSDT       | 0.0002379     | 0.0005667   | 0.02291      | 101.7         | 0.01573      | 0.01484     | 0.04462        | 0.8166                 | 0.007511     | 782.88  | -229605.966905 |
| ANTUSDT       | -8.909e-05    | 0.0002929   | 0.02151      | 86.42         | 0.01845      | 0.017       | 0.106          | 0.8839                 | 0.005958     | 583.83  | -229575.476053 |
| AUDIOUSDT     | 0.000384      | 0.0006568   | 0.03081      | 102.6         | 0.01396      | 0.01634     | 0.07686        | 0.7911                 | 0.009532     | 713.88  | -229519.300384 |
| CVXUSDT       | 9.514e-05     | 0.0002954   | 0.01897      | 106.4         | 0.0212       | 0.01854     | 0.0            | 0.9609                 | 0.002099     | 314.5   | -229136.436662 |
| LRCUSDT       | 9.854e-05     | 0.0001816   | 0.01278      | 109.1         | 0.025        | 0.02136     | 0.08027        | 0.8028                 | 0.005202     | 1017.71 | -228847.353206 |
| ARUSDT        | 0.0001437     | 0.0002882   | 0.01982      | 112.8         | 0.01946      | 0.02335     | 0.01415        | 0.876                  | 0.005557     | 673.88  | -228464.097162 |
| XLMUSDT       | 6.748e-05     | 0.0001478   | 0.01823      | 113.2         | 0.0185       | 0.01675     | 0.01386        | 0.8316                 | 0.004925     | 1289.67 | -228455.966734 |
| SFPUSDT       | 0.0006861     | 0.001368    | 0.0693       | 113.3         | 0.01656      | 0.01689     | 0.07519        | 0.5681                 | 0.01813      | 889.71  | -228452.634019 |
| ARPAUSDT      | 0.001545      | 0.001486    | 0.05645      | 112.1         | 0.01552      | 0.01667     | 0.1039         | 0.7648                 | 0.01733      | 652.88  | -228182.075666 |
| CFXUSDT       | 0.0003211     | 0.0008321   | 0.04825      | 49.7          | 0.01633      | 0.02096     | 0.1201         | 0.8713                 | 0.01358      | 163.42  | -228158.06638  |
| SOLUSDT       | 0.0004043     | 0.0007084   | 0.04796      | 117.3         | 0.02376      | 0.02002     | 0.09275        | 0.7919                 | 0.007433     | 1052.71 | -228041.966184 |
| DOGEUSDT      | 0.0001715     | 0.0004308   | 0.009941     | 118.3         | 0.01326      | 0.01623     | 0.0            | 0.8968                 | 0.003356     | 1118.62 | -227945.966838 |
| KLAYUSDT      | 0.0001966     | 0.0003281   | 0.03044      | 111.5         | 0.01424      | 0.01677     | 0.1118         | 0.7935                 | 0.01006      | 659.88  | -227443.922948 |
| UNFIUSDT      | 0.0001829     | 0.000392    | 0.009929     | 124.1         | 0.02431      | 0.01981     | 0.0            | 0.9686                 | 0.001346     | 894.71  | -227368.326127 |
| ETHUSDT       | 0.0002309     | 0.0004134   | 0.04916      | 130.6         | 0.01217      | 0.01121     | 0.07131        | 0.8889                 | 0.006372     | 1309.0  | -226720.966898 |
| MKRUSDT       | 9.916e-05     | 0.0001339   | 0.01613      | 130.4         | 0.02872      | 0.02309     | 0.02216        | 0.8786                 | 0.003629     | 1084.71 | -226699.658797 |
| BTCUSDT       | 6.002e-05     | 9.325e-05   | 0.02297      | 187.5         | 0.01993      | 0.01692     | 0.007138       | 0.9594                 | 0.002233     | 1309.0  | -221030.966727 |
| BTCDOMUSDT    | 0.000123      | 0.0001798   | 0.0957       | 432.6         | 0.009306     | 0.009377    | 0.1579         | 0.899                  | 0.007076     | 772.88  | -190722.149165 |
| WAVESUSDT     | -0.000264     | 6.76e-05    | 0.03104      | 117.5         | 0.01919      | 0.02593     | 0.677          | 0.5953                 | 0.01915      | 1085.71 | -170266.242394 |
| FTMUSDT       | -0.001316     | -0.01316    | 0.1044       | 19.5          | 0.03892      | 0.03915     | 1.149          | 0.6408                 | 0.02109      | 1042.71 | -125046.545996 |
| GALAUSDT      | -0.003913     | -0.007501   | 0.6721       | 86.87         | 0.01622      | 0.01429     | 1.185          | 0.83                   | 0.0134       | 683.88  | -121632.753309 |
| MASKUSDT      | -0.005466     | -0.007716   | 0.7065       | 304.8         | 0.01748      | 0.01504     | 1.045          | 0.8098                 | 0.01557      | 705.88  | -114839.458849 |
| GMTUSDT       | -0.00445      | -0.008755   | 0.686        | 68.52         | 0.01575      | 0.01429     | 1.674          | 0.8529                 | 0.01338      | 505.83  | -72815.3804649 |
+---------------+---------------+-------------+--------------+---------------+--------------+-------------+----------------+------------------------+--------------+---------+----------------+

