# note: symbols with little price history are not optimized on their own; instead the best config from among the symbols with more price history is chosen.

+--------------------------------------------------------------------------------------------------------------------------------------------------------------------------------------------+
|                                                                                            long                                                                                            |
+--------------+---------------+-------------+--------------+---------------+--------------+-------------+----------------+------------------------+--------------+---------+----------------+
| symbol       | adg_w_per_exp | adg_per_exp | exp_rts_mean | hrs_stuck_max | pa_dist_mean | pa_dist_std | loss_profit_rt | eqbal_rt_10_worst_mean | eqbal_rt_std | n_days  | score          |
+--------------+---------------+-------------+--------------+---------------+--------------+-------------+----------------+------------------------+--------------+---------+----------------+
| RNDRUSDT     | 0.002495      | 0.003737    | 0.06526      | 23.23         | 0.007635     | 0.009765    | 0.03749        | 0.9175                 | 0.006909     | 162.88  | -480179.302495 |
| SOLUSDT      | 0.002295      | 0.003425    | 0.06607      | 81.63         | 0.01246      | 0.01664     | 0.04142        | 0.8129                 | 0.01185      | 1033.67 | -480179.302295 |
| 1000LUNCUSDT | 0.002271      | 0.003226    | 0.06695      | 54.9          | 0.008698     | 0.01895     | 0.06764        | 0.869                  | 0.01435      | 309.42  | -480179.302271 |
| LINAUSDT     | 0.001926      | 0.001927    | 0.05171      | 89.78         | 0.01804      | 0.01386     | 0.02182        | 0.8728                 | 0.007331     | 847.67  | -480179.301926 |
| WAVESUSDT    | 0.001855      | 0.002238    | 0.05644      | 67.92         | 0.01122      | 0.01877     | 0.05973        | 0.7536                 | 0.01193      | 1066.67 | -480179.301855 |
| DOGEUSDT     | 0.001778      | 0.003958    | 0.06938      | 90.93         | 0.007303     | 0.01307     | 0.07242        | 0.8084                 | 0.01003      | 1099.58 | -480179.301778 |
| INJUSDT      | 0.001612      | 0.001752    | 0.038        | 74.75         | 0.008482     | 0.009703    | 0.01289        | 0.9146                 | 0.005946     | 332.88  | -480179.301612 |
| HBARUSDT     | 0.001568      | 0.003055    | 0.06931      | 76.87         | 0.008254     | 0.01633     | 0.03889        | 0.7958                 | 0.01141      | 849.67  | -480179.301568 |
| RLCUSDT      | 0.001518      | 0.002801    | 0.0476       | 43.67         | 0.01178      | 0.01609     | 0.04262        | 0.829                  | 0.01149      | 1078.67 | -480179.301518 |
| GRTUSDT      | 0.001503      | 0.002678    | 0.069        | 77.97         | 0.01183      | 0.01621     | 0.04192        | 0.7534                 | 0.01158      | 937.67  | -480179.301503 |
| MATICUSDT    | 0.001495      | 0.004066    | 0.0662       | 91.12         | 0.01224      | 0.01707     | 0.04017        | 0.8095                 | 0.01145      | 995.67  | -480179.301495 |
| OCEANUSDT    | 0.001493      | 0.002297    | 0.06204      | 54.5          | 0.0115       | 0.01585     | 0.06908        | 0.8115                 | 0.01069      | 983.67  | -480179.301493 |
| ANKRUSDT     | 0.001475      | 0.002562    | 0.06969      | 75.97         | 0.01074      | 0.01543     | 0.05847        | 0.8433                 | 0.01123      | 899.67  | -480179.301475 |
| NKNUSDT      | 0.001454      | 0.002442    | 0.06551      | 91.43         | 0.01227      | 0.01368     | 0.01488        | 0.8435                 | 0.009009     | 826.67  | -480179.301454 |
| HOTUSDT      | 0.001449      | 0.003375    | 0.06998      | 63.53         | 0.009056     | 0.01483     | 0.04976        | 0.8331                 | 0.01083      | 836.67  | -480179.301449 |
| MKRUSDT      | 0.001437      | 0.001943    | 0.0693       | 83.72         | 0.01058      | 0.01145     | 0.05661        | 0.8231                 | 0.007541     | 1065.67 | -480179.301437 |
| CHZUSDT      | 0.001424      | 0.00238     | 0.03365      | 48.25         | 0.007963     | 0.009778    | 0.004562       | 0.8692                 | 0.004992     | 904.67  | -480179.301424 |
| ALPHAUSDT    | 0.001423      | 0.002884    | 0.06632      | 92.68         | 0.01455      | 0.01911     | 0.09133        | 0.7549                 | 0.01253      | 963.67  | -480179.301423 |
| YFIUSDT      | 0.001409      | 0.003901    | 0.04284      | 94.52         | 0.01016      | 0.01112     | 0.03895        | 0.8563                 | 0.00721      | 1047.67 | -480179.301409 |
| MANAUSDT     | 0.001401      | 0.002745    | 0.06917      | 81.62         | 0.01285      | 0.01406     | 0.06279        | 0.815                  | 0.0113       | 851.67  | -480179.301401 |
| AAVEUSDT     | 0.001361      | 0.00311     | 0.06939      | 75.37         | 0.01166      | 0.01948     | 0.06327        | 0.7694                 | 0.01421      | 1001.67 | -480179.301361 |
| RVNUSDT      | 0.001356      | 0.002659    | 0.06997      | 84.82         | 0.01049      | 0.01292     | 0.03595        | 0.8137                 | 0.007551     | 871.67  | -480179.301356 |
| ALGOUSDT     | 0.001336      | 0.00204     | 0.05273      | 74.92         | 0.0118       | 0.01551     | 0.06079        | 0.7853                 | 0.01044      | 1122.58 | -480179.301336 |
| CELRUSDT     | 0.001326      | 0.002523    | 0.06972      | 84.35         | 0.01321      | 0.01988     | 0.03047        | 0.7642                 | 0.01293      | 837.67  | -480179.301326 |
| LQTYUSDT     | 0.001323      | 0.001744    | 0.06987      | 72.15         | 0.01374      | 0.01496     | 0.08554        | 0.8777                 | 0.01088      | 127.46  | -480179.301323 |
| XRPUSDT      | 0.001323      | 0.002704    | 0.05907      | 63.98         | 0.007615     | 0.009665    | 0.09239        | 0.7757                 | 0.007045     | 1284.62 | -480179.301323 |
| MTLUSDT      | 0.001309      | 0.001731    | 0.05835      | 93.43         | 0.01588      | 0.01995     | 0.07283        | 0.8114                 | 0.01207      | 835.67  | -480179.301309 |
| ARBUSDT      | 0.001306      | 0.001674    | 0.05171      | 49.08         | 0.009333     | 0.0198      | 0.06483        | 0.885                  | 0.01277      | 114.33  | -480179.301306 |
| COTIUSDT     | 0.001278      | 0.002317    | 0.06857      | 81.92         | 0.01305      | 0.01429     | 0.03881        | 0.8016                 | 0.008998     | 856.67  | -480179.301278 |
| FETUSDT      | 0.00127       | 0.00193     | 0.03374      | 50.6          | 0.01114      | 0.007544    | 0.0            | 0.9722                 | 0.001764     | 179.88  | -480179.30127  |
| SXPUSDT      | 0.001265      | 0.004119    | 0.04096      | 83.12         | 0.01108      | 0.01134     | 0.08453        | 0.8504                 | 0.006471     | 1088.58 | -480179.301265 |
| STXUSDT      | 0.001263      | 0.002051    | 0.04466      | 66.5          | 0.01289      | 0.01105     | 0.0001608      | 0.9637                 | 0.002965     | 144.38  | -480179.301263 |
| AVAXUSDT     | 0.001249      | 0.002536    | 0.03641      | 72.68         | 0.007566     | 0.0128      | 0.01393        | 0.8602                 | 0.00806      | 1024.67 | -480179.301249 |
| 1000SHIBUSDT | 0.001247      | 0.003085    | 0.059        | 93.52         | 0.009297     | 0.01409     | 0.064          | 0.7801                 | 0.009519     | 796.25  | -480179.301247 |
| IDUSDT       | 0.001247      | 0.001638    | 0.06518      | 39.72         | 0.01599      | 0.01201     | 0.03355        | 0.9174                 | 0.009106     | 114.38  | -480179.301247 |
| ZILUSDT      | 0.001206      | 0.002464    | 0.04917      | 50.35         | 0.008522     | 0.01359     | 0.03223        | 0.7803                 | 0.008359     | 1120.58 | -480179.301206 |
| BLURUSDT     | 0.001204      | 0.001958    | 0.04692      | 43.47         | 0.007368     | 0.005968    | 0.0            | 0.9852                 | 0.001815     | 78.46   | -480179.301204 |
| RSRUSDT      | 0.001192      | 0.001585    | 0.03613      | 82.78         | 0.01527      | 0.01526     | 0.07667        | 0.8147                 | 0.008667     | 998.67  | -480179.301192 |
| SNXUSDT      | 0.001187      | 0.001837    | 0.06887      | 64.48         | 0.01301      | 0.01925     | 0.08326        | 0.7702                 | 0.01269      | 1064.67 | -480179.301187 |
| OMGUSDT      | 0.001176      | 0.00185     | 0.06959      | 86.12         | 0.01319      | 0.01663     | 0.07028        | 0.795                  | 0.01134      | 1107.58 | -480179.301176 |
| ALICEUSDT    | 0.001168      | 0.002726    | 0.06837      | 90.7          | 0.01221      | 0.01841     | 0.04999        | 0.7772                 | 0.01267      | 850.83  | -480179.301168 |
| SANDUSDT     | 0.001118      | 0.002578    | 0.04966      | 81.65         | 0.01066      | 0.015       | 0.0515         | 0.7966                 | 0.009327     | 900.67  | -480179.301118 |
| RDNTUSDT     | 0.001108      | 0.001151    | 0.05863      | 41.92         | 0.0145       | 0.01313     | 0.07264        | 0.9201                 | 0.008155     | 101.46  | -480179.301108 |
| BANDUSDT     | 0.001105      | 0.002288    | 0.06286      | 82.87         | 0.01523      | 0.01354     | 0.0421         | 0.821                  | 0.008984     | 1080.67 | -480179.301105 |
| ICXUSDT      | 0.001103      | 0.001705    | 0.05116      | 80.83         | 0.01367      | 0.01579     | 0.06207        | 0.8014                 | 0.009298     | 1032.67 | -480179.301103 |
| ONEUSDT      | 0.0011        | 0.002234    | 0.06479      | 81.05         | 0.01333      | 0.01582     | 0.08343        | 0.7845                 | 0.01251      | 848.67  | -480179.3011   |
| THETAUSDT    | 0.001095      | 0.002958    | 0.05967      | 82.82         | 0.01328      | 0.01787     | 0.03574        | 0.791                  | 0.01119      | 1142.62 | -480179.301095 |
| AXSUSDT      | 0.001091      | 0.003082    | 0.03869      | 91.45         | 0.01554      | 0.01176     | 0.01044        | 0.8719                 | 0.005643     | 966.67  | -480179.301091 |
| LRCUSDT      | 0.001089      | 0.00217     | 0.0676       | 82.42         | 0.01187      | 0.01132     | 0.06016        | 0.8318                 | 0.008124     | 998.67  | -480179.301089 |
| FILUSDT      | 0.001073      | 0.001782    | 0.0529       | 66.97         | 0.009595     | 0.01973     | 0.07741        | 0.831                  | 0.01313      | 1001.71 | -480179.301073 |
| ZRXUSDT      | 0.001071      | 0.001389    | 0.05052      | 68.27         | 0.01115      | 0.0195      | 0.09346        | 0.8013                 | 0.01228      | 1114.58 | -480179.301071 |
| LINKUSDT     | 0.00107       | 0.002451    | 0.06799      | 69.82         | 0.01123      | 0.01695     | 0.08211        | 0.8333                 | 0.01236      | 1273.62 | -480179.30107  |
| TOMOUSDT     | 0.001065      | 0.001313    | 0.03009      | 81.35         | 0.01195      | 0.01013     | 0.0615         | 0.8836                 | 0.004429     | 1005.67 | -480179.301065 |
| BELUSDT      | 0.001062      | 0.001774    | 0.06087      | 93.83         | 0.01497      | 0.01926     | 0.06492        | 0.7877                 | 0.013        | 968.67  | -480179.301062 |
| DOTUSDT      | 0.001033      | 0.002431    | 0.06984      | 83.6          | 0.00939      | 0.01288     | 0.04679        | 0.8698                 | 0.009511     | 1056.67 | -480179.301033 |
| NEARUSDT     | 0.00103       | 0.002131    | 0.04866      | 90.78         | 0.01453      | 0.01384     | 0.04525        | 0.8371                 | 0.007782     | 1002.62 | -480179.30103  |
| SKLUSDT      | 0.001027      | 0.00216     | 0.06741      | 91.87         | 0.01403      | 0.01817     | 0.0889         | 0.81                   | 0.01269      | 948.67  | -480179.301027 |
| UNFIUSDT     | 0.001022      | 0.00192     | 0.06896      | 94.93         | 0.01708      | 0.01937     | 0.01855        | 0.7795                 | 0.013        | 875.67  | -480179.301022 |
| APEUSDT      | 0.000995      | 0.001473    | 0.05468      | 92.35         | 0.009877     | 0.01363     | 0.05736        | 0.8682                 | 0.009091     | 485.33  | -480179.300995 |
| ANTUSDT      | 0.0009697     | 0.001581    | 0.05891      | 77.77         | 0.01304      | 0.01363     | 0.06337        | 0.8345                 | 0.01052      | 565.79  | -480179.30097  |
| OPUSDT       | 0.0009652     | 0.001837    | 0.04891      | 65.63         | 0.009544     | 0.0127      | 0.06122        | 0.9068                 | 0.008492     | 409.38  | -480179.300965 |
| SFPUSDT      | 0.0009644     | 0.001969    | 0.05342      | 75.1          | 0.0118       | 0.01666     | 0.02747        | 0.7902                 | 0.01054      | 870.67  | -480179.300964 |
| LDOUSDT      | 0.0009614     | 0.001452    | 0.0549       | 80.0          | 0.01748      | 0.01379     | 0.01027        | 0.8182                 | 0.008185     | 296.46  | -480179.300961 |
| MINAUSDT     | 0.0009592     | 0.00118     | 0.0656       | 54.67         | 0.01498      | 0.01153     | 0.05587        | 0.9062                 | 0.006487     | 158.5   | -480179.300959 |
| REEFUSDT     | 0.000948      | 0.002168    | 0.06873      | 79.75         | 0.01368      | 0.01305     | 0.02381        | 0.8247                 | 0.009255     | 872.67  | -480179.300948 |
| ICPUSDT      | 0.0009458     | 0.001133    | 0.04852      | 74.73         | 0.00954      | 0.007179    | 0.0            | 0.9721                 | 0.002005     | 291.88  | -480179.300946 |
| STGUSDT      | 0.000938      | 0.001374    | 0.06157      | 95.72         | 0.01226      | 0.01133     | 0.009787       | 0.9091                 | 0.004967     | 324.46  | -480179.300938 |
| CRVUSDT      | 0.0009374     | 0.002164    | 0.04536      | 84.05         | 0.01524      | 0.01848     | 0.02642        | 0.7943                 | 0.01106      | 1046.67 | -480179.300937 |
| ADAUSDT      | 0.0009354     | 0.002616    | 0.06583      | 74.55         | 0.01093      | 0.01631     | 0.07075        | 0.8127                 | 0.0144       | 1259.62 | -480179.300935 |
| RUNEUSDT     | 0.0009284     | 0.002644    | 0.06777      | 91.47         | 0.01155      | 0.01991     | 0.039          | 0.7773                 | 0.01229      | 1043.67 | -480179.300928 |
| XEMUSDT      | 0.0009136     | 0.001709    | 0.06341      | 93.8          | 0.0092       | 0.01169     | 0.04525        | 0.8527                 | 0.00782      | 863.67  | -480179.300914 |
| ETHUSDT      | 0.0009037     | 0.002027    | 0.0496       | 77.47         | 0.007675     | 0.01991     | 0.04705        | 0.7518                 | 0.01115      | 1289.96 | -480179.300904 |
| UNIUSDT      | 0.0009043     | 0.001968    | 0.06558      | 85.83         | 0.0128       | 0.01327     | 0.04497        | 0.8037                 | 0.008216     | 1029.67 | -480179.300904 |
| DGBUSDT      | 0.0008988     | 0.0017      | 0.06598      | 71.45         | 0.0116       | 0.01767     | 0.04458        | 0.7739                 | 0.01168      | 814.83  | -480179.300899 |
| CFXUSDT      | 0.0008864     | 0.001278    | 0.04449      | 64.85         | 0.01472      | 0.01321     | 0.0            | 0.947                  | 0.005361     | 145.38  | -480179.300886 |
| ZENUSDT      | 0.0008716     | 0.002491    | 0.06383      | 61.43         | 0.01277      | 0.01646     | 0.04823        | 0.7731                 | 0.01374      | 962.67  | -480179.300872 |
| AMBUSDT      | 0.0008683     | 0.0007958   | 0.04043      | 68.62         | 0.01848      | 0.01641     | 0.006965       | 0.8793                 | 0.008112     | 107.46  | -480179.300868 |
| GALUSDT      | 0.000862      | 0.001872    | 0.04924      | 62.07         | 0.01234      | 0.01342     | 0.02783        | 0.8622                 | 0.01092      | 436.38  | -480179.300862 |
| DENTUSDT     | 0.0008604     | 0.002123    | 0.05412      | 91.88         | 0.00975      | 0.01472     | 0.009153       | 0.7663                 | 0.00868      | 842.79  | -480179.30086  |
| CHRUSDT      | 0.0008552     | 0.001815    | 0.06582      | 88.92         | 0.01274      | 0.01425     | 0.04778        | 0.8298                 | 0.009914     | 854.67  | -480179.300855 |
| FTMUSDT      | 0.0008454     | 0.001853    | 0.06426      | 83.0          | 0.01774      | 0.01797     | 0.04727        | 0.803                  | 0.01032      | 1023.67 | -480179.300845 |
| AGIXUSDT     | 0.0008437     | 0.00158     | 0.06964      | 41.6          | 0.01329      | 0.01531     | 0.07772        | 0.9004                 | 0.01153      | 149.38  | -480179.300844 |
| CVXUSDT      | 0.0008444     | 0.0008374   | 0.0687       | 59.48         | 0.009636     | 0.0152      | 0.07771        | 0.8994                 | 0.01073      | 296.46  | -480179.300844 |
| ENJUSDT      | 0.0008327     | 0.001951    | 0.0571       | 82.88         | 0.0117       | 0.01921     | 0.09363        | 0.7847                 | 0.0132       | 1018.67 | -480179.300833 |
| HFTUSDT      | 0.0008316     | 0.001111    | 0.06548      | 72.08         | 0.01187      | 0.01128     | 0.03367        | 0.9217                 | 0.007992     | 100.46  | -480179.300832 |
| EGLDUSDT     | 0.0008263     | 0.001996    | 0.05191      | 67.1          | 0.008898     | 0.01362     | 0.03246        | 0.83                   | 0.00982      | 1033.67 | -480179.300826 |
| KSMUSDT      | 0.0008202     | 0.001738    | 0.05243      | 88.07         | 0.01274      | 0.01159     | 0.06801        | 0.8715                 | 0.006755     | 1003.67 | -480179.30082  |
| JOEUSDT      | 0.0008047     | 0.001104    | 0.04203      | 40.03         | 0.01146      | 0.009407    | 0.0            | 0.9439                 | 0.004733     | 108.46  | -480179.300805 |
| CTKUSDT      | 0.0008039     | 0.002903    | 0.06998      | 91.37         | 0.01137      | 0.01356     | 0.02808        | 0.826                  | 0.008847     | 967.67  | -480179.300804 |
| COMPUSDT     | 0.0007881     | 0.001436    | 0.05333      | 91.67         | 0.01433      | 0.01296     | 0.004978       | 0.9175                 | 0.005517     | 1108.58 | -480179.300788 |
| ACHUSDT      | 0.000782      | 0.001479    | 0.05958      | 51.65         | 0.01273      | 0.01044     | 0.02925        | 0.9118                 | 0.007712     | 143.38  | -480179.300782 |
| XLMUSDT      | 0.0007794     | 0.002161    | 0.04497      | 45.23         | 0.005505     | 0.0129      | 0.09071        | 0.7521                 | 0.006925     | 1270.62 | -480179.300779 |
| RENUSDT      | 0.0007723     | 0.001286    | 0.05082      | 91.8          | 0.0178       | 0.01831     | 0.02703        | 0.8132                 | 0.009037     | 1004.67 | -480179.300772 |
| VETUSDT      | 0.0007679     | 0.001851    | 0.04945      | 74.63         | 0.01058      | 0.01054     | 0.01226        | 0.8004                 | 0.007334     | 1245.62 | -480179.300768 |
| DEFIUSDT     | 0.0007671     | 0.001562    | 0.06241      | 85.25         | 0.01155      | 0.01178     | 0.0535         | 0.8299                 | 0.007887     | 1050.67 | -480179.300767 |
| ETCUSDT      | 0.0007635     | 0.001685    | 0.05042      | 92.63         | 0.01154      | 0.01102     | 0.01375        | 0.7558                 | 0.007217     | 1274.62 | -480179.300764 |
| ATOMUSDT     | 0.0007608     | 0.001626    | 0.04381      | 91.12         | 0.01221      | 0.01384     | 0.01951        | 0.803                  | 0.006371     | 1252.46 | -480179.300761 |
| SUSHIUSDT    | 0.0007594     | 0.001767    | 0.04732      | 89.85         | 0.01809      | 0.01338     | 0.04998        | 0.8076                 | 0.006812     | 1043.67 | -480179.300759 |
| ASTRUSDT     | 0.0007532     | 0.00142     | 0.06088      | 70.52         | 0.01198      | 0.0088      | 0.03937        | 0.9331                 | 0.005385     | 151.88  | -480179.300753 |
| LITUSDT      | 0.0007444     | 0.001447    | 0.03417      | 87.6          | 0.01488      | 0.01231     | 0.008793       | 0.9089                 | 0.00374      | 876.67  | -480179.300744 |
| HIGHUSDT     | 0.000738      | 0.001211    | 0.06663      | 72.38         | 0.01846      | 0.01513     | 0.05914        | 0.9061                 | 0.008702     | 158.88  | -480179.300738 |
| XTZUSDT      | 0.0007325     | 0.001794    | 0.03429      | 71.27         | 0.00916      | 0.01164     | 0.03718        | 0.8658                 | 0.006949     | 1253.62 | -480179.300732 |
| STORJUSDT    | 0.000714      | 0.001123    | 0.04209      | 92.85         | 0.01416      | 0.01232     | 0.03441        | 0.8491                 | 0.007904     | 1031.67 | -480179.300714 |
| STMXUSDT     | 0.0006848     | 0.001273    | 0.06989      | 75.23         | 0.01501      | 0.01988     | 0.09218        | 0.7957                 | 0.01316      | 844.67  | -480179.300685 |
| SPELLUSDT    | 0.0006749     | 0.0009238   | 0.04609      | 71.88         | 0.00691      | 0.007909    | 0.009809       | 0.9395                 | 0.00446      | 312.46  | -480179.300675 |
| OGNUSDT      | 0.0006727     | 0.002002    | 0.03583      | 68.28         | 0.01318      | 0.01913     | 0.05001        | 0.78                   | 0.01067      | 834.67  | -480179.300673 |
| ZECUSDT      | 0.0006669     | 0.0009999   | 0.04176      | 95.82         | 0.01534      | 0.01777     | 0.07641        | 0.7503                 | 0.009729     | 1254.62 | -480179.300667 |
| CKBUSDT      | 0.0006494     | 0.001207    | 0.05048      | 82.37         | 0.01355      | 0.01099     | 0.0002381      | 0.969                  | 0.003055     | 137.46  | -480179.300649 |
| 1INCHUSDT    | 0.0006455     | 0.001439    | 0.05088      | 92.82         | 0.01242      | 0.01586     | 0.06803        | 0.8006                 | 0.01015      | 931.54  | -480179.300645 |
| BCHUSDT      | 0.0006444     | 0.001866    | 0.05476      | 87.53         | 0.01193      | 0.01118     | 0.0636         | 0.8206                 | 0.007832     | 1289.96 | -480179.300644 |
| BLZUSDT      | 0.0006409     | 0.00112     | 0.0514       | 92.68         | 0.01954      | 0.01989     | 0.03873        | 0.8165                 | 0.01105      | 1030.67 | -480179.300641 |
| CELOUSDT     | 0.0006364     | 0.0009942   | 0.04896      | 76.3          | 0.01256      | 0.01254     | 0.02282        | 0.8707                 | 0.007257     | 656.83  | -480179.300636 |
| HOOKUSDT     | 0.0006348     | 0.0008887   | 0.04101      | 83.57         | 0.01872      | 0.01494     | 0.0            | 0.9557                 | 0.004256     | 173.83  | -480179.300635 |
| QTUMUSDT     | 0.0006334     | 0.001031    | 0.06028      | 86.45         | 0.01673      | 0.01935     | 0.05542        | 0.7751                 | 0.01125      | 1239.62 | -480179.300633 |
| BALUSDT      | 0.0006325     | 0.001335    | 0.04863      | 82.55         | 0.01361      | 0.01169     | 0.03284        | 0.8416                 | 0.006372     | 1046.67 | -480179.300633 |
| BATUSDT      | 0.0006321     | 0.001229    | 0.06089      | 92.53         | 0.01453      | 0.01286     | 0.04039        | 0.8251                 | 0.009032     | 1246.62 | -480179.300632 |
| TRBUSDT      | 0.0006234     | 0.001364    | 0.02622      | 89.12         | 0.01456      | 0.01854     | 0.02176        | 0.7597                 | 0.009269     | 1044.67 | -480179.300623 |
| IOSTUSDT     | 0.0006037     | 0.001127    | 0.03385      | 93.85         | 0.01521      | 0.01583     | 0.06579        | 0.8537                 | 0.006458     | 1238.62 | -480179.300604 |
| XMRUSDT      | 0.0005947     | 0.001046    | 0.04063      | 66.03         | 0.007147     | 0.01195     | 0.07558        | 0.754                  | 0.007632     | 1256.62 | -480179.300595 |
| IMXUSDT      | 0.0005896     | 0.00173     | 0.05946      | 47.05         | 0.01178      | 0.01734     | 0.0691         | 0.8709                 | 0.01172      | 519.83  | -480179.30059  |
| PHBUSDT      | 0.0005891     | 0.0007221   | 0.04946      | 82.02         | 0.01698      | 0.0139      | 0.0894         | 0.9151                 | 0.007407     | 149.38  | -480179.300589 |
| QNTUSDT      | 0.000588      | 0.0008543   | 0.01374      | 65.55         | 0.005254     | 0.004438    | 0.0            | 0.9768                 | 0.001195     | 268.88  | -480179.300588 |
| LTCUSDT      | 0.0005784     | 0.001107    | 0.04037      | 90.97         | 0.0115       | 0.009316    | 0.03335        | 0.888                  | 0.006222     | 1281.62 | -480179.300578 |
| APTUSDT      | 0.0005557     | 0.001003    | 0.05559      | 53.12         | 0.0132       | 0.01112     | 0.04839        | 0.8887                 | 0.008254     | 269.88  | -480179.300556 |
| BLUEBIRDUSDT | 0.0005243     | 0.000797    | 0.05847      | 85.73         | 0.008204     | 0.008804    | 0.06501        | 0.932                  | 0.006595     | 255.46  | -480179.300524 |
| ARPAUSDT     | 0.0005218     | 0.0006079   | 0.02049      | 84.35         | 0.01434      | 0.01175     | 0.01265        | 0.9059                 | 0.003502     | 634.83  | -480179.300522 |
| IOTAUSDT     | 0.0005197     | 0.001424    | 0.04425      | 95.82         | 0.01436      | 0.01621     | 0.02186        | 0.7614                 | 0.007934     | 1247.62 | -480179.30052  |
| LEVERUSDT    | 0.0005172     | 0.0006235   | 0.05825      | 50.62         | 0.01574      | 0.01279     | 0.004596       | 0.9391                 | 0.004987     | 107.46  | -480179.300517 |
| ENSUSDT      | 0.0004845     | 0.0009718   | 0.05234      | 73.48         | 0.0159       | 0.01465     | 3.77e-05       | 0.914                  | 0.006152     | 592.83  | -480179.300485 |
| ARUSDT       | 0.000483      | 0.001197    | 0.05594      | 81.9          | 0.01705      | 0.01739     | 0.07889        | 0.8293                 | 0.01053      | 655.83  | -480179.300483 |
| CTSIUSDT     | 0.0004714     | 0.0006241   | 0.02578      | 95.08         | 0.01541      | 0.0127      | 0.008793       | 0.9138                 | 0.003536     | 627.83  | -480179.300471 |
| GMXUSDT      | 0.0004666     | 0.0008129   | 0.04678      | 71.5          | 0.007855     | 0.007238    | 0.0            | 0.9716                 | 0.002883     | 148.38  | -480179.300467 |
| MASKUSDT     | 0.0004637     | 0.0009281   | 0.02536      | 90.43         | 0.01514      | 0.0118      | 0.02028        | 0.9087                 | 0.004245     | 687.83  | -480179.300464 |
| WOOUSDT      | 0.0004625     | 0.0005968   | 0.04077      | 90.25         | 0.0184       | 0.01938     | 0.04613        | 0.8176                 | 0.009201     | 463.83  | -480179.300463 |
| DYDXUSDT     | 0.0004592     | 0.0007311   | 0.02956      | 77.53         | 0.0176       | 0.01494     | 0.01807        | 0.8995                 | 0.005504     | 673.83  | -480179.300459 |
| LUNA2USDT    | 0.0004504     | 0.0005863   | 0.0293       | 87.58         | 0.01498      | 0.01359     | 0.0            | 0.8726                 | 0.005877     | 308.83  | -480179.30045  |
| BNBUSDT      | 0.0004454     | 0.001291    | 0.01967      | 88.08         | 0.006404     | 0.006047    | 0.0255         | 0.9214                 | 0.00258      | 1249.62 | -480179.300445 |
| EOSUSDT      | 0.0004396     | 0.0008594   | 0.02321      | 89.07         | 0.01233      | 0.01134     | 0.0            | 0.9269                 | 0.002783     | 1282.62 | -480179.30044  |
| XVSUSDT      | 0.0004129     | 0.0004329   | 0.04016      | 61.88         | 0.01489      | 0.01414     | 0.002732       | 0.9335                 | 0.006364     | 93.88   | -480179.300413 |
| DASHUSDT     | 0.0004105     | 0.0008841   | 0.05172      | 94.73         | 0.01772      | 0.01486     | 0.0            | 0.8408                 | 0.007454     | 1255.62 | -480179.300411 |
| KAVAUSDT     | 0.0004101     | 0.0008949   | 0.02701      | 89.6          | 0.01675      | 0.01432     | 0.02254        | 0.9086                 | 0.004393     | 1081.67 | -480179.30041  |
| BNXUSDT      | 0.0004021     | 0.0005724   | 0.04024      | 89.4          | 0.01996      | 0.01406     | 0.0            | 0.9665                 | 0.00342      | 143.38  | -480179.300402 |
| FOOTBALLUSDT | 0.000397      | 0.0006979   | 0.02811      | 95.02         | 0.01031      | 0.008174    | 0.0            | 0.9693                 | 0.001562     | 317.83  | -480179.300397 |
| FLMUSDT      | 0.0003953     | 0.0007599   | 0.03564      | 79.88         | 0.01813      | 0.01999     | 0.07973        | 0.7877                 | 0.01144      | 1018.67 | -480179.300395 |
| JASMYUSDT    | 0.0003909     | 0.0006005   | 0.01794      | 93.55         | 0.01553      | 0.01249     | 0.000146       | 0.9628                 | 0.001627     | 451.83  | -480179.300391 |
| BTCUSDT      | 0.0003879     | 0.0007346   | 0.03329      | 93.2          | 0.006796     | 0.005896    | 0.03489        | 0.958                  | 0.001549     | 1289.96 | -480179.300388 |
| NEOUSDT      | 0.0003842     | 0.0007628   | 0.02427      | 93.8          | 0.01472      | 0.01325     | 0.02764        | 0.8384                 | 0.005719     | 1242.62 | -480179.300384 |
| ONTUSDT      | 0.0003793     | 0.0006575   | 0.03278      | 93.42         | 0.01825      | 0.01571     | 0.01272        | 0.8376                 | 0.005691     | 1248.62 | -480179.300379 |
| KNCUSDT      | 0.0003542     | 0.000671    | 0.02532      | 95.95         | 0.01753      | 0.01502     | 0.0002664      | 0.9062                 | 0.003819     | 1116.62 | -480179.300354 |
| SSVUSDT      | 0.0003537     | 0.0006037   | 0.04099      | 81.7          | 0.01963      | 0.01988     | 0.0            | 0.9114                 | 0.009372     | 141.46  | -480179.300354 |
| TRXUSDT      | 0.0003528     | 0.001443    | 0.03548      | 76.35         | 0.007701     | 0.01102     | 0.03159        | 0.8838                 | 0.007554     | 1275.62 | -480179.300353 |
| AUDIOUSDT    | 0.000296      | 0.000718    | 0.02778      | 74.4          | 0.01533      | 0.01203     | 0.03182        | 0.901                  | 0.004382     | 695.83  | -480179.300296 |
| COCOSUSDT    | 0.000274      | 0.001968    | 0.06904      | 53.22         | 0.008074     | 0.008456    | 0.004789       | 0.9448                 | 0.005379     | 144.38  | -480179.300274 |
| TLMUSDT      | 0.0002634     | 0.000283    | 0.03249      | 73.88         | 0.0145       | 0.01215     | 0.05721        | 0.9723                 | 0.002506     | 107.46  | -480179.300263 |
| PERPUSDT     | 0.000184      | 0.0002876   | 0.03806      | 64.08         | 0.01711      | 0.01265     | 0.03869        | 0.954                  | 0.003996     | 131.46  | -480179.300184 |
| USDCUSDT     | 1.227e-07     | 1.227e-06   | 0.01903      | 33.48         | 0.00223      | 0.0008243   | 0.0            | 1.0                    | 1.931e-05    | 125.25  | -480179.3      |
| MAGICUSDT    | 0.0004198     | 0.0006339   | 0.03601      | 91.47         | 0.02162      | 0.0151      | 0.0            | 0.9549                 | 0.004386     | 171.83  | -480177.681036 |
| TRUUSDT      | 0.0003583     | 0.0005697   | 0.0596       | 76.45         | 0.02257      | 0.01758     | 0.0            | 0.9219                 | 0.009392     | 130.46  | -480176.731984 |
| TUSDT        | 0.0003161     | 0.0003951   | 0.0302       | 96.35         | 0.01492      | 0.01205     | 0.0            | 0.9507                 | 0.003461     | 164.42  | -480144.300316 |
| GALAUSDT     | 0.001384      | 0.002227    | 0.06019      | 100.1         | 0.01214      | 0.01013     | 0.03872        | 0.8829                 | 0.006797     | 665.83  | -479769.301384 |
| API3USDT     | 0.0003861     | 0.000656    | 0.02198      | 101.6         | 0.01421      | 0.01103     | 0.0002094      | 0.9533                 | 0.002005     | 508.83  | -479617.633719 |
| FXSUSDT      | 0.000639      | 0.001164    | 0.08332      | 62.48         | 0.01724      | 0.01992     | 0.1058         | 0.8853                 | 0.01481      | 176.83  | -479602.921894 |
| PEOPLEUSDT   | 0.0002014     | 0.001762    | 0.05797      | 102.3         | 0.01396      | 0.02386     | 0.09939        | 0.8033                 | 0.01732      | 568.79  | -479507.375118 |
| ROSEUSDT     | 0.0003938     | 0.000588    | 0.03806      | 104.8         | 0.01586      | 0.01477     | 0.02187        | 0.8921                 | 0.005798     | 561.83  | -479304.300394 |
| ATAUSDT      | 0.0005883     | 0.001033    | 0.08631      | 105.1         | 0.01889      | 0.02192     | 0.08645        | 0.8049                 | 0.01439      | 683.83  | -479251.578243 |
| LPTUSDT      | 0.000316      | 0.0008423   | 0.06427      | 118.6         | 0.01856      | 0.0181      | 0.1107         | 0.9019                 | 0.007872     | 611.83  | -476849.222445 |
| DARUSDT      | 0.0004668     | 0.001326    | 0.08578      | 97.92         | 0.01407      | 0.01702     | 0.1459         | 0.8359                 | 0.01407      | 442.83  | -475401.890076 |
| 1000XECUSDT  | 0.0003476     | 0.0005337   | 0.02079      | 151.9         | 0.01626      | 0.01415     | 0.002226       | 0.9449                 | 0.00212      | 666.83  | -474590.967014 |
| GMTUSDT      | 0.0003431     | 0.000647    | 0.05507      | 155.2         | 0.02088      | 0.02025     | 0.01465        | 0.9287                 | 0.007688     | 487.79  | -474252.578187 |
| BTCDOMUSDT   | 5.821e-05     | 9.874e-05   | 0.0255       | 170.1         | 0.007648     | 0.005819    | 0.007146       | 0.9812                 | 0.001124     | 754.83  | -472772.633392 |
| IOTXUSDT     | 0.0003548     | 0.0006164   | 0.05868      | 169.3         | 0.01974      | 0.02278     | 0.1307         | 0.781                  | 0.01422      | 702.83  | -469746.622893 |
| DUSKUSDT     | 0.0003608     | 0.0005417   | 0.0679       | 195.2         | 0.02152      | 0.02529     | 0.112          | 0.8117                 | 0.01462      | 554.83  | -469011.636625 |
| C98USDT      | 0.0003115     | 0.0005222   | 0.07191      | 167.8         | 0.02294      | 0.02229     | 0.1451         | 0.8269                 | 0.01407      | 690.83  | -468466.713051 |
| BAKEUSDT     | 0.00055       | 0.0007727   | 0.07706      | 181.7         | 0.02307      | 0.02869     | 0.1449         | 0.7521                 | 0.01895      | 787.67  | -467034.157132 |
| GTCUSDT      | 0.0001565     | 0.000901    | 0.09709      | 129.7         | 0.02282      | 0.02885     | 0.3644         | 0.795                  | 0.01926      | 764.83  | -450278.437881 |
| FLOWUSDT     | 0.000185      | 0.0006169   | 0.1592       | 187.8         | 0.02487      | 0.03126     | 0.3596         | 0.8299                 | 0.02483      | 520.83  | -444921.430671 |
| KLAYUSDT     | -0.0002357    | -0.001004   | 0.1481       | 80.98         | 0.01253      | 0.02378     | 1.455          | 0.7364                 | 0.02056      | 641.83  | -331047.0618   |
+--------------+---------------+-------------+--------------+---------------+--------------+-------------+----------------+------------------------+--------------+---------+----------------+

+--------------------------------------------------------------------------------------------------------------------------------------------------------------------------------------------+
|                                                                                           short                                                                                            |
+--------------+---------------+-------------+--------------+---------------+--------------+-------------+----------------+------------------------+--------------+---------+----------------+
| symbol       | adg_w_per_exp | adg_per_exp | exp_rts_mean | hrs_stuck_max | pa_dist_mean | pa_dist_std | loss_profit_rt | eqbal_rt_10_worst_mean | eqbal_rt_std | n_days  | score          |
+--------------+---------------+-------------+--------------+---------------+--------------+-------------+----------------+------------------------+--------------+---------+----------------+
| LQTYUSDT     | 0.005156      | 0.00333     | 0.0396       | 58.17         | 0.01006      | 0.01397     | 0.007281       | 0.8573                 | 0.01069      | 127.46  | -230179.305156 |
| MINAUSDT     | 0.003722      | 0.002399    | 0.02994      | 78.38         | 0.006786     | 0.005322    | 0.0            | 0.9642                 | 0.002218     | 158.5   | -230179.303722 |
| XVSUSDT      | 0.00296       | 0.002068    | 0.03397      | 44.62         | 0.005885     | 0.005163    | 0.0            | 0.9691                 | 0.002469     | 93.88   | -230179.30296  |
| HIGHUSDT     | 0.00259       | 0.004124    | 0.06424      | 41.88         | 0.007807     | 0.009588    | 0.008045       | 0.9233                 | 0.007416     | 158.88  | -230179.30259  |
| AGIXUSDT     | 0.002532      | 0.003073    | 0.06267      | 82.78         | 0.0102       | 0.01202     | 0.0148         | 0.8973                 | 0.008467     | 149.38  | -230179.302532 |
| TRUUSDT      | 0.002514      | 0.003396    | 0.04782      | 46.85         | 0.007533     | 0.0135      | 0.009394       | 0.8145                 | 0.01227      | 130.46  | -230179.302514 |
| PHBUSDT      | 0.00248       | 0.002249    | 0.04177      | 45.75         | 0.01212      | 0.01253     | 0.0291         | 0.8817                 | 0.008505     | 149.38  | -230179.30248  |
| SSVUSDT      | 0.002347      | 0.002844    | 0.06624      | 78.33         | 0.007171     | 0.00828     | 0.01426        | 0.9434                 | 0.006414     | 141.46  | -230179.302347 |
| BLURUSDT     | 0.002338      | 0.001603    | 0.0413       | 52.65         | 0.007953     | 0.0113      | 0.01257        | 0.9083                 | 0.008338     | 78.46   | -230179.302338 |
| AMBUSDT      | 0.002229      | 0.003174    | 0.04173      | 49.15         | 0.006854     | 0.008726    | 0.004439       | 0.932                  | 0.005976     | 107.46  | -230179.302229 |
| GMXUSDT      | 0.001998      | 0.001346    | 0.04619      | 78.17         | 0.01232      | 0.01093     | 0.04753        | 0.9151                 | 0.006454     | 148.38  | -230179.301998 |
| BNXUSDT      | 0.001823      | 0.003056    | 0.02727      | 60.3          | 0.005574     | 0.0056      | 0.0004349      | 0.9492                 | 0.003        | 143.38  | -230179.301823 |
| HOOKUSDT     | 0.001791      | 0.002213    | 0.05159      | 69.87         | 0.01147      | 0.01069     | 0.01351        | 0.9215                 | 0.006639     | 173.83  | -230179.301791 |
| FLMUSDT      | 0.001705      | 0.00209     | 0.06534      | 89.88         | 0.01975      | 0.0185      | 0.08232        | 0.6939                 | 0.01694      | 1018.67 | -230179.301705 |
| LUNA2USDT    | 0.001694      | 0.002221    | 0.03126      | 81.95         | 0.01014      | 0.008952    | 0.008686       | 0.929                  | 0.004021     | 308.83  | -230179.301694 |
| OCEANUSDT    | 0.00168       | 0.002067    | 0.06985      | 73.13         | 0.01388      | 0.01547     | 0.06895        | 0.7657                 | 0.01354      | 983.67  | -230179.30168  |
| RDNTUSDT     | 0.00168       | 0.002283    | 0.04768      | 57.38         | 0.008628     | 0.007292    | 0.007138       | 0.9715                 | 0.002778     | 101.46  | -230179.30168  |
| TUSDT        | 0.001598      | 0.001464    | 0.03635      | 55.68         | 0.008554     | 0.01172     | 0.04681        | 0.8564                 | 0.01005      | 164.42  | -230179.301598 |
| ACHUSDT      | 0.001574      | 0.003008    | 0.03982      | 84.78         | 0.008781     | 0.008117    | 0.0            | 0.9549                 | 0.002983     | 143.38  | -230179.301574 |
| LEVERUSDT    | 0.001566      | 0.001762    | 0.04207      | 80.1          | 0.008837     | 0.007733    | 0.001179       | 0.9688                 | 0.002497     | 107.46  | -230179.301566 |
| GRTUSDT      | 0.001551      | 0.002411    | 0.06942      | 84.83         | 0.01359      | 0.01748     | 0.05287        | 0.7466                 | 0.01646      | 937.67  | -230179.301551 |
| STMXUSDT     | 0.001544      | 0.00289     | 0.0693       | 91.48         | 0.0122       | 0.01544     | 0.04638        | 0.7684                 | 0.01282      | 844.67  | -230179.301544 |
| TOMOUSDT     | 0.001539      | 0.001181    | 0.04703      | 95.95         | 0.01942      | 0.01927     | 0.05772        | 0.8484                 | 0.008218     | 1005.67 | -230179.301539 |
| RSRUSDT      | 0.001534      | 0.002722    | 0.06879      | 67.13         | 0.01415      | 0.01428     | 0.05712        | 0.7877                 | 0.01159      | 998.67  | -230179.301534 |
| CELRUSDT     | 0.001534      | 0.002407    | 0.0585       | 67.62         | 0.01142      | 0.01791     | 0.05465        | 0.7071                 | 0.016        | 837.67  | -230179.301534 |
| PERPUSDT     | 0.001532      | 0.001546    | 0.06319      | 53.83         | 0.007468     | 0.006981    | 0.008007       | 0.9431                 | 0.004669     | 131.46  | -230179.301532 |
| FETUSDT      | 0.001479      | 0.002417    | 0.02334      | 55.28         | 0.008427     | 0.00807     | 0.0            | 0.937                  | 0.003443     | 179.88  | -230179.301479 |
| CKBUSDT      | 0.001432      | 0.002167    | 0.04333      | 48.82         | 0.005781     | 0.007574    | 0.005788       | 0.9179                 | 0.005218     | 137.46  | -230179.301432 |
| LINAUSDT     | 0.001393      | 0.000887    | 0.0266       | 92.02         | 0.0159       | 0.0198      | 0.02415        | 0.7675                 | 0.00976      | 847.67  | -230179.301393 |
| YFIUSDT      | 0.001373      | 0.002334    | 0.05367      | 88.02         | 0.01365      | 0.01763     | 0.0553         | 0.6781                 | 0.01552      | 1047.67 | -230179.301373 |
| ONTUSDT      | 0.001369      | 0.001757    | 0.06588      | 60.2          | 0.01077      | 0.01092     | 0.04048        | 0.856                  | 0.00871      | 1248.62 | -230179.301369 |
| XEMUSDT      | 0.001357      | 0.002305    | 0.06866      | 60.02         | 0.008688     | 0.01276     | 0.03106        | 0.7505                 | 0.0116       | 863.67  | -230179.301357 |
| DGBUSDT      | 0.001342      | 0.002122    | 0.06716      | 62.98         | 0.009332     | 0.01757     | 0.07429        | 0.6674                 | 0.01602      | 814.83  | -230179.301342 |
| ARPAUSDT     | 0.001336      | 0.001094    | 0.02275      | 77.1          | 0.009444     | 0.01622     | 0.07999        | 0.7078                 | 0.01223      | 634.83  | -230179.301336 |
| GALUSDT      | 0.001322      | 0.003009    | 0.06903      | 84.55         | 0.0116       | 0.01115     | 0.03456        | 0.8833                 | 0.007565     | 436.38  | -230179.301322 |
| NKNUSDT      | 0.001318      | 0.001951    | 0.0688       | 87.87         | 0.01543      | 0.01834     | 0.072          | 0.7164                 | 0.01458      | 826.67  | -230179.301318 |
| HFTUSDT      | 0.001302      | 0.001517    | 0.04901      | 37.52         | 0.005945     | 0.007002    | 0.00768        | 0.9408                 | 0.004593     | 100.46  | -230179.301302 |
| LITUSDT      | 0.001259      | 0.002269    | 0.0673       | 80.5          | 0.01493      | 0.01716     | 0.04219        | 0.7541                 | 0.01521      | 876.67  | -230179.301259 |
| JASMYUSDT    | 0.00125       | 0.001851    | 0.04782      | 64.62         | 0.009442     | 0.0167      | 0.07731        | 0.7884                 | 0.01476      | 451.83  | -230179.30125  |
| REEFUSDT     | 0.001239      | 0.002341    | 0.06914      | 85.35         | 0.01197      | 0.01227     | 0.07845        | 0.8203                 | 0.009264     | 872.67  | -230179.301239 |
| RENUSDT      | 0.001238      | 0.001542    | 0.06839      | 89.42         | 0.01857      | 0.01915     | 0.05821        | 0.7126                 | 0.01525      | 1004.67 | -230179.301238 |
| JOEUSDT      | 0.001238      | 0.00142     | 0.06143      | 57.57         | 0.01265      | 0.01359     | 0.01331        | 0.9429                 | 0.007041     | 108.46  | -230179.301238 |
| APEUSDT      | 0.00122       | 0.00212     | 0.0567       | 87.73         | 0.009064     | 0.01356     | 0.05261        | 0.8298                 | 0.01262      | 485.33  | -230179.30122  |
| ICPUSDT      | 0.001213      | 0.001216    | 0.05404      | 53.5          | 0.007964     | 0.01459     | 0.08013        | 0.8223                 | 0.01249      | 291.88  | -230179.301213 |
| WOOUSDT      | 0.001208      | 0.00136     | 0.02365      | 72.13         | 0.008521     | 0.008504    | 0.01946        | 0.8867                 | 0.00518      | 463.83  | -230179.301208 |
| SPELLUSDT    | 0.001188      | 0.00181     | 0.05533      | 49.07         | 0.007376     | 0.01118     | 0.04401        | 0.8755                 | 0.01013      | 312.46  | -230179.301188 |
| ZENUSDT      | 0.001157      | 0.002059    | 0.06999      | 95.2          | 0.01346      | 0.01702     | 0.02474        | 0.6609                 | 0.01525      | 962.67  | -230179.301157 |
| RLCUSDT      | 0.001151      | 0.00198     | 0.0698       | 83.63         | 0.01552      | 0.01591     | 0.03808        | 0.7326                 | 0.01226      | 1078.67 | -230179.301151 |
| KAVAUSDT     | 0.001134      | 0.001507    | 0.05965      | 95.9          | 0.01787      | 0.01946     | 0.04491        | 0.664                  | 0.01513      | 1081.67 | -230179.301134 |
| TLMUSDT      | 0.001134      | 0.001001    | 0.0346       | 36.52         | 0.005182     | 0.004433    | 0.001035       | 0.9789                 | 0.001552     | 107.46  | -230179.301134 |
| SUSHIUSDT    | 0.001117      | 0.002889    | 0.06022      | 76.72         | 0.01131      | 0.01413     | 0.02462        | 0.7139                 | 0.0123       | 1043.67 | -230179.301117 |
| SNXUSDT      | 0.001111      | 0.001219    | 0.03467      | 82.23         | 0.01669      | 0.0173      | 0.02865        | 0.7852                 | 0.009847     | 1064.67 | -230179.301111 |
| NEOUSDT      | 0.001107      | 0.001418    | 0.06985      | 95.32         | 0.01029      | 0.01266     | 0.05104        | 0.8423                 | 0.01011      | 1242.62 | -230179.301107 |
| COTIUSDT     | 0.001092      | 0.00174     | 0.06589      | 86.6          | 0.01664      | 0.01896     | 0.05968        | 0.731                  | 0.01543      | 856.67  | -230179.301092 |
| BANDUSDT     | 0.00109       | 0.001633    | 0.05738      | 69.85         | 0.01387      | 0.01462     | 0.08534        | 0.8202                 | 0.01201      | 1080.67 | -230179.30109  |
| BELUSDT      | 0.001077      | 0.001378    | 0.0504       | 85.58         | 0.01398      | 0.01778     | 0.06741        | 0.5898                 | 0.01609      | 968.67  | -230179.301077 |
| ATAUSDT      | 0.001077      | 0.002179    | 0.05995      | 80.4          | 0.009046     | 0.01333     | 0.05995        | 0.8132                 | 0.01137      | 683.83  | -230179.301077 |
| UNIUSDT      | 0.001072      | 0.001946    | 0.06415      | 90.15         | 0.01239      | 0.01669     | 0.09049        | 0.6656                 | 0.01517      | 1029.67 | -230179.301072 |
| FXSUSDT      | 0.001062      | 0.001713    | 0.0543       | 72.9          | 0.008383     | 0.009795    | 0.05129        | 0.9161                 | 0.007215     | 176.83  | -230179.301062 |
| EOSUSDT      | 0.001059      | 0.001457    | 0.0661       | 74.28         | 0.009374     | 0.01372     | 0.05766        | 0.6508                 | 0.01384      | 1282.62 | -230179.301059 |
| ASTRUSDT     | 0.001059      | 0.00148     | 0.06747      | 38.52         | 0.008193     | 0.0137      | 0.09866        | 0.8783                 | 0.0112       | 151.88  | -230179.301059 |
| ENJUSDT      | 0.001049      | 0.002111    | 0.06965      | 64.52         | 0.01279      | 0.01883     | 0.0667         | 0.6714                 | 0.01698      | 1018.67 | -230179.301049 |
| LDOUSDT      | 0.001047      | 0.001019    | 0.02549      | 84.82         | 0.01335      | 0.01112     | 0.00599        | 0.9429                 | 0.003151     | 296.46  | -230179.301047 |
| XTZUSDT      | 0.001047      | 0.001937    | 0.06772      | 68.28         | 0.009909     | 0.01687     | 0.08383        | 0.7313                 | 0.0152       | 1253.62 | -230179.301047 |
| SOLUSDT      | 0.001031      | 0.00148     | 0.03314      | 88.28         | 0.01208      | 0.01564     | 0.06487        | 0.681                  | 0.01286      | 1033.67 | -230179.301031 |
| ATOMUSDT     | 0.00103       | 0.002428    | 0.06988      | 74.17         | 0.01082      | 0.01779     | 0.04724        | 0.7445                 | 0.01652      | 1252.46 | -230179.30103  |
| SFPUSDT      | 0.001015      | 0.001853    | 0.06304      | 78.65         | 0.01471      | 0.01231     | 0.05294        | 0.7894                 | 0.01179      | 870.67  | -230179.301015 |
| HOTUSDT      | 0.001013      | 0.002201    | 0.06282      | 62.13         | 0.009728     | 0.01422     | 0.09009        | 0.7595                 | 0.01171      | 836.67  | -230179.301013 |
| ZILUSDT      | 0.001008      | 0.001544    | 0.04064      | 63.18         | 0.01033      | 0.01271     | 0.07617        | 0.7641                 | 0.01055      | 1120.58 | -230179.301008 |
| IDUSDT       | 0.001003      | 0.001714    | 0.03325      | 25.82         | 0.00778      | 0.009235    | 0.05834        | 0.9206                 | 0.006919     | 114.38  | -230179.301003 |
| MKRUSDT      | 0.001002      | 0.001381    | 0.04981      | 60.33         | 0.009898     | 0.01124     | 0.02848        | 0.7794                 | 0.009486     | 1065.67 | -230179.301002 |
| HBARUSDT     | 0.0009886     | 0.001886    | 0.05471      | 86.75         | 0.01031      | 0.01273     | 0.0734         | 0.7132                 | 0.01267      | 849.67  | -230179.300989 |
| ONEUSDT      | 0.0009888     | 0.001998    | 0.04604      | 87.65         | 0.01227      | 0.01215     | 0.0424         | 0.8236                 | 0.008669     | 848.67  | -230179.300989 |
| IMXUSDT      | 0.0009846     | 0.00173     | 0.02534      | 54.6          | 0.008258     | 0.008319    | 0.01334        | 0.892                  | 0.004699     | 519.83  | -230179.300985 |
| LINKUSDT     | 0.000984      | 0.001825    | 0.06241      | 75.95         | 0.01064      | 0.01795     | 0.05548        | 0.7181                 | 0.01587      | 1273.62 | -230179.300984 |
| OGNUSDT      | 0.0009771     | 0.002275    | 0.04366      | 78.9          | 0.0101       | 0.01844     | 0.03178        | 0.7181                 | 0.01542      | 834.67  | -230179.300977 |
| NEARUSDT     | 0.0009766     | 0.002038    | 0.0434       | 81.42         | 0.01141      | 0.01517     | 0.07592        | 0.7579                 | 0.01251      | 1002.62 | -230179.300977 |
| ALICEUSDT    | 0.0009755     | 0.002038    | 0.06452      | 74.03         | 0.01427      | 0.01701     | 0.06185        | 0.7718                 | 0.01366      | 850.83  | -230179.300976 |
| CELOUSDT     | 0.000967      | 0.001221    | 0.06305      | 91.7          | 0.01228      | 0.01279     | 0.05053        | 0.8504                 | 0.01017      | 656.83  | -230179.300967 |
| ZECUSDT      | 0.000964      | 0.001731    | 0.06948      | 80.8          | 0.009983     | 0.01238     | 0.04648        | 0.7721                 | 0.01034      | 1254.62 | -230179.300964 |
| ALPHAUSDT    | 0.0009281     | 0.001161    | 0.0298       | 75.68         | 0.01529      | 0.0123      | 0.0238         | 0.8345                 | 0.005786     | 963.67  | -230179.300928 |
| BLZUSDT      | 0.0009164     | 0.001651    | 0.06937      | 82.97         | 0.01773      | 0.01464     | 0.09622        | 0.7819                 | 0.01315      | 1030.67 | -230179.300916 |
| ZRXUSDT      | 0.0009141     | 0.001543    | 0.06891      | 94.77         | 0.01434      | 0.01686     | 0.04199        | 0.7014                 | 0.01449      | 1114.58 | -230179.300914 |
| BATUSDT      | 0.0009052     | 0.001439    | 0.04759      | 84.73         | 0.01238      | 0.01962     | 0.071          | 0.6042                 | 0.0169       | 1246.62 | -230179.300905 |
| SANDUSDT     | 0.000898      | 0.002354    | 0.03809      | 72.15         | 0.01222      | 0.01449     | 0.09496        | 0.8222                 | 0.01054      | 900.67  | -230179.300898 |
| MANAUSDT     | 0.0008868     | 0.001733    | 0.04449      | 94.07         | 0.01479      | 0.01354     | 0.06717        | 0.714                  | 0.01007      | 851.67  | -230179.300887 |
| CTKUSDT      | 0.0008796     | 0.00236     | 0.06931      | 91.18         | 0.011        | 0.01604     | 0.0561         | 0.5931                 | 0.01377      | 967.67  | -230179.30088  |
| ALGOUSDT     | 0.0008773     | 0.001801    | 0.06943      | 92.15         | 0.01346      | 0.01208     | 0.03021        | 0.8295                 | 0.009539     | 1122.58 | -230179.300877 |
| LTCUSDT      | 0.0008653     | 0.0009831   | 0.05022      | 87.63         | 0.01421      | 0.01338     | 0.06662        | 0.8593                 | 0.009453     | 1281.62 | -230179.300865 |
| CHRUSDT      | 0.0008586     | 0.002222    | 0.06915      | 92.85         | 0.01333      | 0.01781     | 0.05886        | 0.6438                 | 0.0163       | 854.67  | -230179.300859 |
| INJUSDT      | 0.0008549     | 0.001149    | 0.03565      | 44.2          | 0.009133     | 0.008466    | 0.01031        | 0.9187                 | 0.004595     | 332.88  | -230179.300855 |
| ANKRUSDT     | 0.0008475     | 0.0016      | 0.06642      | 85.53         | 0.01633      | 0.01996     | 0.05061        | 0.7456                 | 0.01837      | 899.67  | -230179.300847 |
| CRVUSDT      | 0.0008252     | 0.001675    | 0.06991      | 95.68         | 0.01599      | 0.01577     | 0.09144        | 0.7571                 | 0.01263      | 1046.67 | -230179.300825 |
| ARBUSDT      | 0.0008231     | 0.0009427   | 0.0361       | 54.0          | 0.01044      | 0.009224    | 0.02025        | 0.9609                 | 0.003539     | 114.33  | -230179.300823 |
| XMRUSDT      | 0.0008209     | 0.001631    | 0.06919      | 72.85         | 0.007137     | 0.01018     | 0.04957        | 0.886                  | 0.008491     | 1256.62 | -230179.300821 |
| DASHUSDT     | 0.000817      | 0.001287    | 0.06825      | 93.85         | 0.01506      | 0.0176      | 0.07786        | 0.7455                 | 0.01463      | 1255.62 | -230179.300817 |
| SKLUSDT      | 0.0008151     | 0.001587    | 0.04734      | 81.05         | 0.01752      | 0.01592     | 0.04519        | 0.8573                 | 0.006726     | 948.67  | -230179.300815 |
| IOTAUSDT     | 0.0008054     | 0.001464    | 0.06075      | 66.3          | 0.009696     | 0.009709    | 0.07787        | 0.8496                 | 0.008436     | 1247.62 | -230179.300805 |
| KSMUSDT      | 0.0008021     | 0.001727    | 0.06499      | 80.87         | 0.01614      | 0.0126      | 0.03642        | 0.8304                 | 0.009099     | 1003.67 | -230179.300802 |
| TRBUSDT      | 0.0007899     | 0.001658    | 0.05144      | 95.63         | 0.01792      | 0.01994     | 0.03169        | 0.7871                 | 0.01197      | 1044.67 | -230179.30079  |
| 1INCHUSDT    | 0.0007789     | 0.00165     | 0.06986      | 86.47         | 0.01465      | 0.0156      | 0.04627        | 0.7667                 | 0.01106      | 931.54  | -230179.300779 |
| XRPUSDT      | 0.0007757     | 0.001412    | 0.04085      | 88.32         | 0.007836     | 0.01244     | 0.07931        | 0.537                  | 0.01257      | 1284.62 | -230179.300776 |
| CHZUSDT      | 0.0007554     | 0.001885    | 0.06949      | 85.1          | 0.01465      | 0.01505     | 0.04611        | 0.7203                 | 0.01356      | 904.67  | -230179.300755 |
| QTUMUSDT     | 0.0007536     | 0.001115    | 0.03779      | 70.5          | 0.01238      | 0.01596     | 0.06593        | 0.6922                 | 0.01413      | 1239.62 | -230179.300754 |
| ENSUSDT      | 0.0007545     | 0.001639    | 0.06623      | 70.08         | 0.01251      | 0.01137     | 0.06728        | 0.8663                 | 0.008806     | 592.83  | -230179.300754 |
| AVAXUSDT     | 0.0007427     | 0.001633    | 0.06587      | 95.98         | 0.01507      | 0.01734     | 0.08983        | 0.709                  | 0.01464      | 1024.67 | -230179.300743 |
| ICXUSDT      | 0.0007318     | 0.0008511   | 0.03454      | 95.17         | 0.01779      | 0.01599     | 0.06809        | 0.7041                 | 0.009334     | 1032.67 | -230179.300732 |
| THETAUSDT    | 0.0007211     | 0.001579    | 0.06827      | 84.4          | 0.01415      | 0.01525     | 0.05165        | 0.8572                 | 0.009255     | 1142.62 | -230179.300721 |
| IOSTUSDT     | 0.000716      | 0.001459    | 0.03997      | 80.57         | 0.01175      | 0.01444     | 0.02484        | 0.7225                 | 0.01089      | 1238.62 | -230179.300716 |
| KNCUSDT      | 0.0006907     | 0.001192    | 0.04844      | 93.05         | 0.01629      | 0.01582     | 0.09858        | 0.7494                 | 0.01453      | 1116.62 | -230179.300691 |
| DEFIUSDT     | 0.0006884     | 0.00125     | 0.06925      | 87.92         | 0.01583      | 0.01572     | 0.07602        | 0.8124                 | 0.01201      | 1050.67 | -230179.300688 |
| RNDRUSDT     | 0.0006839     | 0.001379    | 0.04251      | 57.02         | 0.01208      | 0.01108     | 0.0161         | 0.9361                 | 0.006182     | 162.88  | -230179.300684 |
| VETUSDT      | 0.0006751     | 0.001292    | 0.04349      | 80.35         | 0.01313      | 0.01854     | 0.06972        | 0.6759                 | 0.01638      | 1245.62 | -230179.300675 |
| CTSIUSDT     | 0.0006604     | 0.0005834   | 0.01746      | 82.18         | 0.007591     | 0.008531    | 0.05915        | 0.8885                 | 0.004786     | 627.83  | -230179.30066  |
| BALUSDT      | 0.0006603     | 0.00116     | 0.05045      | 86.48         | 0.01158      | 0.01643     | 0.09545        | 0.8048                 | 0.01352      | 1046.67 | -230179.30066  |
| PEOPLEUSDT   | 0.0006549     | 0.001339    | 0.04902      | 81.48         | 0.01612      | 0.01618     | 0.09661        | 0.678                  | 0.01583      | 568.79  | -230179.300655 |
| OMGUSDT      | 0.0006523     | 0.0009682   | 0.05355      | 92.08         | 0.01537      | 0.01825     | 0.0557         | 0.7838                 | 0.01148      | 1107.58 | -230179.300652 |
| 1000XECUSDT  | 0.0006434     | 0.0006501   | 0.01475      | 86.62         | 0.007498     | 0.01062     | 0.04461        | 0.7876                 | 0.007244     | 666.83  | -230179.300643 |
| EGLDUSDT     | 0.0006405     | 0.001485    | 0.04102      | 69.47         | 0.01018      | 0.01648     | 0.02786        | 0.7943                 | 0.01232      | 1033.67 | -230179.30064  |
| COMPUSDT     | 0.0006312     | 0.0007357   | 0.04056      | 87.4          | 0.01809      | 0.0184      | 0.07306        | 0.834                  | 0.009785     | 1108.58 | -230179.300631 |
| ROSEUSDT     | 0.0006287     | 0.001147    | 0.03515      | 69.18         | 0.009536     | 0.009652    | 0.08124        | 0.8901                 | 0.006994     | 561.83  | -230179.300629 |
| ADAUSDT      | 0.0006213     | 0.001143    | 0.04852      | 75.28         | 0.009622     | 0.01247     | 0.0641         | 0.7865                 | 0.01192      | 1259.62 | -230179.300621 |
| DOGEUSDT     | 0.0006112     | 0.001932    | 0.01329      | 79.23         | 0.007555     | 0.01294     | 0.02886        | 0.7672                 | 0.009061     | 1099.58 | -230179.300611 |
| ETCUSDT      | 0.0005985     | 0.00117     | 0.048        | 81.05         | 0.01051      | 0.008508    | 0.05613        | 0.8478                 | 0.007021     | 1274.62 | -230179.300598 |
| XLMUSDT      | 0.0005832     | 0.001202    | 0.06365      | 87.47         | 0.01141      | 0.018       | 0.07855        | 0.6078                 | 0.01723      | 1270.62 | -230179.300583 |
| 1000LUNCUSDT | 0.0005822     | 0.0007727   | 0.02746      | 86.37         | 0.009425     | 0.01437     | 0.04081        | 0.8268                 | 0.01006      | 309.42  | -230179.300582 |
| MTLUSDT      | 0.0005809     | 0.0005965   | 0.02778      | 91.78         | 0.01589      | 0.01839     | 0.09733        | 0.7638                 | 0.01164      | 835.67  | -230179.300581 |
| MAGICUSDT    | 0.0005604     | 0.001051    | 0.03495      | 68.72         | 0.01569      | 0.01466     | 0.02472        | 0.8916                 | 0.008169     | 171.83  | -230179.30056  |
| AAVEUSDT     | 0.0005502     | 0.0009512   | 0.02749      | 82.47         | 0.0133       | 0.01256     | 0.04905        | 0.8283                 | 0.007595     | 1001.67 | -230179.30055  |
| FILUSDT      | 0.0005408     | 0.0007435   | 0.02224      | 80.37         | 0.01036      | 0.01757     | 0.08287        | 0.6416                 | 0.0153       | 1001.71 | -230179.300541 |
| DOTUSDT      | 0.0005404     | 0.001268    | 0.0578       | 85.92         | 0.01178      | 0.01122     | 0.06312        | 0.8796                 | 0.007268     | 1056.67 | -230179.30054  |
| FTMUSDT      | 0.0005343     | 0.001066    | 0.02862      | 63.82         | 0.01466      | 0.01635     | 0.04836        | 0.7528                 | 0.0118       | 1023.67 | -230179.300534 |
| QNTUSDT      | 0.0005284     | 0.0007431   | 0.05924      | 53.08         | 0.009137     | 0.009753    | 0.03583        | 0.9349                 | 0.007105     | 268.88  | -230179.300528 |
| FOOTBALLUSDT | 0.0005236     | 0.001106    | 0.03498      | 77.93         | 0.005327     | 0.005822    | 0.0279         | 0.9403                 | 0.004189     | 317.83  | -230179.300524 |
| FLOWUSDT     | 0.0005015     | 0.0006123   | 0.02374      | 88.7          | 0.01398      | 0.01343     | 0.0            | 0.9576                 | 0.00279      | 520.83  | -230179.300501 |
| RVNUSDT      | 0.0004684     | 0.0008388   | 0.03422      | 56.95         | 0.01159      | 0.01303     | 0.0912         | 0.8118                 | 0.01051      | 871.67  | -230179.300468 |
| DENTUSDT     | 0.0004436     | 0.0009755   | 0.02842      | 93.67         | 0.01483      | 0.01414     | 0.06524        | 0.8174                 | 0.00957      | 842.79  | -230179.300444 |
| STORJUSDT    | 0.0004329     | 0.0007554   | 0.03109      | 95.63         | 0.01681      | 0.01791     | 0.01425        | 0.6954                 | 0.01129      | 1031.67 | -230179.300433 |
| BCHUSDT      | 0.0003554     | 0.0003824   | 0.02801      | 89.58         | 0.01371      | 0.01124     | 0.01932        | 0.9118                 | 0.003643     | 1289.96 | -230179.300355 |
| ETHUSDT      | 0.0003451     | 0.0006619   | 0.04928      | 75.45         | 0.01191      | 0.01151     | 0.04283        | 0.8535                 | 0.007135     | 1289.96 | -230179.300345 |
| MATICUSDT    | 0.0003429     | 0.0008406   | 0.03085      | 94.52         | 0.01673      | 0.01393     | 0.02542        | 0.7447                 | 0.007485     | 995.67  | -230179.300343 |
| LRCUSDT      | 0.0002996     | 0.0006039   | 0.02642      | 94.73         | 0.01962      | 0.01955     | 0.01117        | 0.832                  | 0.00768      | 998.67  | -230179.3003   |
| BNBUSDT      | 0.0002829     | 0.0006247   | 0.0273       | 82.03         | 0.008628     | 0.008105    | 0.04805        | 0.8799                 | 0.004994     | 1249.62 | -230179.300283 |
| DARUSDT      | 0.0002799     | 0.0006472   | 0.01598      | 90.28         | 0.01308      | 0.0107      | 0.0            | 0.9728                 | 0.001328     | 442.83  | -230179.30028  |
| SXPUSDT      | 0.000273      | 0.000333    | 0.01852      | 95.98         | 0.0173       | 0.01503     | 0.06403        | 0.86                   | 0.005621     | 1088.58 | -230179.300273 |
| STGUSDT      | 0.0002577     | 0.0004525   | 0.01093      | 40.83         | 0.006428     | 0.005456    | 0.0            | 0.9726                 | 0.001236     | 324.46  | -230179.300258 |
| CVXUSDT      | 0.0002516     | 0.001003    | 0.04144      | 75.73         | 0.01007      | 0.01246     | 0.08272        | 0.8632                 | 0.009465     | 296.46  | -230179.300252 |
| COCOSUSDT    | 0.0002504     | 0.001658    | 0.009968     | 46.68         | 0.009241     | 0.00797     | 0.0            | 0.9788                 | 0.001334     | 144.38  | -230179.30025  |
| TRXUSDT      | 0.0002296     | 0.0005352   | 0.03868      | 92.23         | 0.01033      | 0.009033    | 0.02666        | 0.8727                 | 0.00527      | 1275.62 | -230179.30023  |
| RUNEUSDT     | 0.0002251     | 0.0006469   | 0.01975      | 88.58         | 0.01844      | 0.01426     | 0.0            | 0.9529                 | 0.002105     | 1043.67 | -230179.300225 |
| API3USDT     | 0.0001921     | 0.0004401   | 0.01907      | 95.23         | 0.01766      | 0.01507     | 0.0            | 0.9458                 | 0.002647     | 508.83  | -230179.300192 |
| DYDXUSDT     | 0.000179      | 0.0003472   | 0.0154       | 95.6          | 0.01599      | 0.01463     | 0.03441        | 0.9125                 | 0.004396     | 673.83  | -230179.300179 |
| C98USDT      | 0.0001599     | 0.000287    | 0.01298      | 94.9          | 0.01567      | 0.01261     | 0.001434       | 0.9077                 | 0.003164     | 690.83  | -230179.30016  |
| 1000SHIBUSDT | 0.0001464     | 0.0003739   | 0.008255     | 78.87         | 0.01242      | 0.01123     | 0.003768       | 0.8778                 | 0.003305     | 796.25  | -230179.300146 |
| BAKEUSDT     | 0.0001323     | 0.0002785   | 0.009978     | 84.85         | 0.01538      | 0.01144     | 0.0            | 0.9523                 | 0.001551     | 787.67  | -230179.300132 |
| BTCUSDT      | 0.0001148     | 0.0001625   | 0.02679      | 88.65         | 0.007616     | 0.007288    | 0.05486        | 0.9478                 | 0.003141     | 1289.96 | -230179.300115 |
| BLUEBIRDUSDT | 8.511e-05     | 0.0001268   | 0.01218      | 66.45         | 0.006958     | 0.005328    | 0.0008773      | 0.9812                 | 0.000964     | 255.46  | -230179.300085 |
| USDCUSDT     | 5.286e-07     | 5.284e-07   | 0.0007482    | 81.15         | 0.001867     | 0.0005625   | 0.0            | 1.0                    | 8.764e-06    | 125.25  | -230179.300001 |
| DUSKUSDT     | 0.0003916     | 0.0006778   | 0.01581      | 97.9          | 0.01543      | 0.01102     | 0.0            | 0.9229                 | 0.002696     | 554.83  | -229989.300392 |
| ANTUSDT      | 0.0004415     | 0.000565    | 0.02126      | 99.38         | 0.01372      | 0.01216     | 0.06991        | 0.8631                 | 0.005859     | 565.79  | -229840.967108 |
| AXSUSDT      | 0.0004962     | 0.001074    | 0.01961      | 101.7         | 0.01446      | 0.01527     | 0.09043        | 0.5991                 | 0.012        | 966.67  | -229607.63383  |
| GTCUSDT      | 0.000327      | 0.0006887   | 0.03624      | 101.7         | 0.01834      | 0.01934     | 0.01839        | 0.6738                 | 0.01223      | 764.83  | -229605.966994 |
| AUDIOUSDT    | 0.0002838     | 0.000485    | 0.02093      | 109.6         | 0.01845      | 0.01655     | 0.0002862      | 0.8846                 | 0.004358     | 695.83  | -228819.300284 |
| LPTUSDT      | 0.0002931     | 0.000486    | 0.03681      | 115.2         | 0.01722      | 0.01621     | 0.0            | 0.8817                 | 0.00749      | 611.83  | -228254.300293 |
| BTCDOMUSDT   | 3.454e-05     | 5.691e-05   | 0.01464      | 160.6         | 0.006953     | 0.005164    | 0.05474        | 0.9738                 | 0.0009477    | 754.83  | -223720.966701 |
| CFXUSDT      | 0.0002852     | 0.0009758   | 0.05597      | 102.2         | 0.01999      | 0.02516     | 0.159          | 0.8847                 | 0.014        | 145.38  | -223606.6852   |
| ARUSDT       | 0.0002133     | 0.0004436   | 0.02836      | 200.6         | 0.02167      | 0.02007     | 0.006623       | 0.8396                 | 0.00648      | 655.83  | -219713.58245  |
| STXUSDT      | 0.0001632     | 0.001014    | 0.06529      | 65.4          | 0.01582      | 0.01914     | 0.2216         | 0.7932                 | 0.0199       | 144.38  | -218022.975742 |
| OPUSDT       | 5.6e-05       | 0.0009287   | 0.03557      | 64.78         | 0.01412      | 0.01892     | 0.2235         | 0.7975                 | 0.01469      | 409.38  | -217832.274854 |
| IOTXUSDT     | 0.0001084     | 0.000198    | 0.01758      | 80.27         | 0.01722      | 0.01963     | 0.277          | 0.5158                 | 0.01564      | 702.83  | -212483.527859 |
| KLAYUSDT     | 0.0004559     | 0.0006647   | 0.06469      | 184.7         | 0.01859      | 0.01715     | 0.2583         | 0.6618                 | 0.01594      | 641.83  | -205474.105076 |
| GMTUSDT      | 0.0001247     | 6.328e-05   | 0.03251      | 97.18         | 0.0164       | 0.03057     | 0.8727         | 0.5963                 | 0.02482      | 487.79  | -152689.755612 |
| WAVESUSDT    | -0.001682     | 0.0005115   | 0.07002      | 88.32         | 0.009984     | 0.007505    | 0.8988         | 0.8781                 | 0.004519     | 1066.67 | -150304.134436 |
| UNFIUSDT     | -0.005203     | -0.01565    | 0.1537       | 33.22         | 0.01842      | 0.02518     | 0.9387         | 0.5982                 | 0.02365      | 875.67  | -146255.028379 |
| MASKUSDT     | -0.0006627    | -0.001243   | 0.07809      | 81.23         | 0.0102       | 0.008009    | 1.124          | 0.8487                 | 0.005654     | 687.83  | -127818.662487 |
| GALAUSDT     | -0.0001937    | -0.001059   | 0.06853      | 107.3         | 0.009756     | 0.007342    | 1.158          | 0.8999                 | 0.004675     | 665.83  | -123267.059454 |
| APTUSDT      | 0.0007322     | 0.0001765   | 0.04107      | 62.95         | 0.0142       | 0.02951     | 0.8341         | 0.639                  | 0.02844      | 269.88  | -122250.733219 |
+--------------+---------------+-------------+--------------+---------------+--------------+-------------+----------------+------------------------+--------------+---------+----------------+

